id	correct	score	time

800	1	[31,30,29,28,27,26,25,24,23,22,21,20,19,18,17,16,15,14,13,12]	20
799	1	[31,30,29,28,27,26,25,24,23,22,21,20,19,18,17,16,15,14,13,12]	20
798	1	[31,30,29,28,27,26,25,24,23,22,21,20,19,18,17,16,15,14,13,12]	20
797	3	[31,30,29,28,27,26,25,24,23,22,21,20,19,18,17,16,15,14,13,12]	20
796	1	[31,30,29,28,27,26,25,24,23,22,21,20,19,18,17,16,15,14,13,12]	20
795	3	[31,30,29,28,27,26,25,24,23,22,21,20,19,18,17,16,15,14,13,12]	20
794	1	[31,30,29,28,27,26,25,24,23,22,21,20,19,18,17,16,15,14,13,12]	20
793	2	[31,30,29,28,27,26,25,24,23,22,21,20,19,18,17,16,15,14,13,12]	20
792	2	[31,30,29,28,27,26,25,24,23,22,21,20,19,18,17,16,15,14,13,12]	20
791	1	[31,30,29,28,27,26,25,24,23,22,21,20,19,18,17,16,15,14,13,12]	20
790	2	[31,30,29,28,27,26,25,24,23,22,21,20,19,18,17,16,15,14,13,12]	20
789	1	[31,30,29,28,27,26,25,24,23,22,21,20,19,18,17,16,15,14,13,12]	20
788	2	[31,30,29,28,27,26,25,24,23,22,21,20,19,18,17,16,15,14,13,12]	20
787	3	[31,30,29,28,27,26,25,24,23,22,21,20,19,18,17,16,15,14,13,12]	20
786	2	[31,30,29,28,27,26,25,24,23,22,21,20,19,18,17,16,15,14,13,12]	20
785	3	[31,30,29,28,27,26,25,24,23,22,21,20,19,18,17,16,15,14,13,12]	20
784	2	[31,30,29,28,27,26,25,24,23,22,21,20,19,18,17,16,15,14,13,12]	20
783	2	[31,30,29,28,27,26,25,24,23,22,21,20,19,18,17,16,15,14,13,12]	20
782	3	[31,30,29,28,27,26,25,24,23,22,21,20,19,18,17,16,15,14,13,12]	20
781	1	[31,30,29,28,27,26,25,24,23,22,21,20,19,18,17,16,15,14,13,12]	20
780	1	[31,30,29,28,27,26,25,24,23,22,21,20,19,18,17,16,15,14,13,12]	20
779	3	[31,30,29,28,27,26,25,24,23,22,21,20,19,18,17,16,15,14,13,12]	20
778	1	[31,30,29,28,27,26,25,24,23,22,21,20,19,18,17,16,15,14,13,12]	20
777	1	[31,30,29,28,27,26,25,24,23,22,21,20,19,18,17,16,15,14,13,12]	20
776	3	[31,30,29,28,27,26,25,24,23,22,21,20,19,18,17,16,15,14,13,12]	20
775	2	[31,30,29,28,27,26,25,24,23,22,21,20,19,18,17,16,15,14,13,12]	20
774	1	[31,30,29,28,27,26,25,24,23,22,21,20,19,18,17,16,15,14,13,12]	20
773	2	[31,30,29,28,27,26,25,24,23,22,21,20,19,18,17,16,15,14,13,12]	20
772	3	[31,30,29,28,27,26,25,24,23,22,21,20,19,18,17,16,15,14,13,12]	20
771	1	[31,30,29,28,27,26,25,24,23,22,21,20,19,18,17,16,15,14,13,12]	20
770	1	[31,30,29,28,27,26,25,24,23,22,21,20,19,18,17,16,15,14,13,12]	20
769	2	[31,30,29,28,27,26,25,24,23,22,21,20,19,18,17,16,15,14,13,12]	20
768	3	[31,30,29,28,27,26,25,24,23,22,21,20,19,18,17,16,15,14,13,12]	20
767	1	[31,30,29,28,27,26,25,24,23,22,21,20,19,18,17,16,15,14,13,12]	20
766	1	[31,30,29,28,27,26,25,24,23,22,21,20,19,18,17,16,15,14,13,12]	20
765	1	[31,30,29,28,27,26,25,24,23,22,21,20,19,18,17,16,15,14,13,12]	20
764	2	[31,30,29,28,27,26,25,24,23,22,21,20,19,18,17,16,15,14,13,12]	20
763	3	[31,30,29,28,27,26,25,24,23,22,21,20,19,18,17,16,15,14,13,12]	20
762	1	[31,30,29,28,27,26,25,24,23,22,21,20,19,18,17,16,15,14,13,12]	20
761	2	[31,30,29,28,27,26,25,24,23,22,21,20,19,18,17,16,15,14,13,12]	20
760	2	[31,30,29,28,27,26,25,24,23,22,21,20,19,18,17,16,15,14,13,12]	20
759	3	[31,30,29,28,27,26,25,24,23,22,21,20,19,18,17,16,15,14,13,12]	20
758	2	[31,30,29,28,27,26,25,24,23,22,21,20,19,18,17,16,15,14,13,12]	20
757	3	[31,30,29,28,27,26,25,24,23,22,21,20,19,18,17,16,15,14,13,12]	20
756	1	[31,30,29,28,27,26,25,24,23,22,21,20,19,18,17,16,15,14,13,12]	20
755	2	[31,30,29,28,27,26,25,24,23,22,21,20,19,18,17,16,15,14,13,12]	20
754	1	[31,30,29,28,27,26,25,24,23,22,21,20,19,18,17,16,15,14,13,12]	20
753	1	[31,30,29,28,27,26,25,24,23,22,21,20,19,18,17,16,15,14,13,12]	20
752	2	[31,30,29,28,27,26,25,24,23,22,21,20,19,18,17,16,15,14,13,12]	20
751	1	[31,30,29,28,27,26,25,24,23,22,21,20,19,18,17,16,15,14,13,12]	20
750	1	[31,30,29,28,27,26,25,24,23,22,21,20,19,18,17,16,15,14,13,12]	20
749	3	[31,30,29,28,27,26,25,24,23,22,21,20,19,18,17,16,15,14,13,12]	20
748	1	[31,30,29,28,27,26,25,24,23,22,21,20,19,18,17,16,15,14,13,12]	20
747	1	[31,30,29,28,27,26,25,24,23,22,21,20,19,18,17,16,15,14,13,12]	20
746	1	[31,30,29,28,27,26,25,24,23,22,21,20,19,18,17,16,15,14,13,12]	20
745	3	[31,30,29,28,27,26,25,24,23,22,21,20,19,18,17,16,15,14,13,12]	20
744	2	[31,30,29,28,27,26,25,24,23,22,21,20,19,18,17,16,15,14,13,12]	20
743	1	[31,30,29,28,27,26,25,24,23,22,21,20,19,18,17,16,15,14,13,12]	20
742	3	[31,30,29,28,27,26,25,24,23,22,21,20,19,18,17,16,15,14,13,12]	20
741	2	[31,30,29,28,27,26,25,24,23,22,21,20,19,18,17,16,15,14,13,12]	20
740	1	[31,30,29,28,27,26,25,24,23,22,21,20,19,18,17,16,15,14,13,12]	20
739	1	[31,30,29,28,27,26,25,24,23,22,21,20,19,18,17,16,15,14,13,12]	20
738	1	[31,30,29,28,27,26,25,24,23,22,21,20,19,18,17,16,15,14,13,12]	20
737	3	[31,30,29,28,27,26,25,24,23,22,21,20,19,18,17,16,15,14,13,12]	20
736	1	[31,30,29,28,27,26,25,24,23,22,21,20,19,18,17,16,15,14,13,12]	20
735	3	[31,30,29,28,27,26,25,24,23,22,21,20,19,18,17,16,15,14,13,12]	20
734	2	[31,30,29,28,27,26,25,24,23,22,21,20,19,18,17,16,15,14,13,12]	20
733	1	[31,30,29,28,27,26,25,24,23,22,21,20,19,18,17,16,15,14,13,12]	20
732	1	[31,30,29,28,27,26,25,24,23,22,21,20,19,18,17,16,15,14,13,12]	20
731	2	[31,30,29,28,27,26,25,24,23,22,21,20,19,18,17,16,15,14,13,12]	20
730	3	[31,30,29,28,27,26,25,24,23,22,21,20,19,18,17,16,15,14,13,12]	20
729	2	[31,30,29,28,27,26,25,24,23,22,21,20,19,18,17,16,15,14,13,12]	20
728	1	[31,30,29,28,27,26,25,24,23,22,21,20,19,18,17,16,15,14,13,12]	20
727	1	[31,30,29,28,27,26,25,24,23,22,21,20,19,18,17,16,15,14,13,12]	20
726	2	[31,30,29,28,27,26,25,24,23,22,21,20,19,18,17,16,15,14,13,12]	20
725	1	[31,30,29,28,27,26,25,24,23,22,21,20,19,18,17,16,15,14,13,12]	20
724	1	[31,30,29,28,27,26,25,24,23,22,21,20,19,18,17,16,15,14,13,12]	20
723	3	[31,30,29,28,27,26,25,24,23,22,21,20,19,18,17,16,15,14,13,12]	20
722	3	[31,30,29,28,27,26,25,24,23,22,21,20,19,18,17,16,15,14,13,12]	20
721	2	[31,30,29,28,27,26,25,24,23,22,21,20,19,18,17,16,15,14,13,12]	20
720	1	[31,30,29,28,27,26,25,24,23,22,21,20,19,18,17,16,15,14,13,12]	20
719	1	[31,30,29,28,27,26,25,24,23,22,21,20,19,18,17,16,15,14,13,12]	20
718	1	[31,30,29,28,27,26,25,24,23,22,21,20,19,18,17,16,15,14,13,12]	20
717	2	[31,30,29,28,27,26,25,24,23,22,21,20,19,18,17,16,15,14,13,12]	20
716	3	[31,30,29,28,27,26,25,24,23,22,21,20,19,18,17,16,15,14,13,12]	20
715	1	[31,30,29,28,27,26,25,24,23,22,21,20,19,18,17,16,15,14,13,12]	20
714	2	[31,30,29,28,27,26,25,24,23,22,21,20,19,18,17,16,15,14,13,12]	20
713	1	[31,30,29,28,27,26,25,24,23,22,21,20,19,18,17,16,15,14,13,12]	20
712	3	[31,30,29,28,27,26,25,24,23,22,21,20,19,18,17,16,15,14,13,12]	20
711	1	[31,30,29,28,27,26,25,24,23,22,21,20,19,18,17,16,15,14,13,12]	20
710	2	[31,30,29,28,27,26,25,24,23,22,21,20,19,18,17,16,15,14,13,12]	20
709	1	[31,30,29,28,27,26,25,24,23,22,21,20,19,18,17,16,15,14,13,12]	20
708	2	[31,30,29,28,27,26,25,24,23,22,21,20,19,18,17,16,15,14,13,12]	20
707	3	[31,30,29,28,27,26,25,24,23,22,21,20,19,18,17,16,15,14,13,12]	20
706	2	[31,30,29,28,27,26,25,24,23,22,21,20,19,18,17,16,15,14,13,12]	20
705	1	[31,30,29,28,27,26,25,24,23,22,21,20,19,18,17,16,15,14,13,12]	20
704	3	[31,30,29,28,27,26,25,24,23,22,21,20,19,18,17,16,15,14,13,12]	20
703	1	[31,30,29,28,27,26,25,24,23,22,21,20,19,18,17,16,15,14,13,12]	20
702	2	[31,30,29,28,27,26,25,24,23,22,21,20,19,18,17,16,15,14,13,12]	20
701	1	[31,30,29,28,27,26,25,24,23,22,21,20,19,18,17,16,15,14,13,12]	20
700	2	[31,30,29,28,27,26,25,24,23,22,21,20,19,18,17,16,15,14,13,12]	20
699	2	[31,30,29,28,27,26,25,24,23,22,21,20,19,18,17,16,15,14,13,12]	20
698	3	[31,30,29,28,27,26,25,24,23,22,21,20,19,18,17,16,15,14,13,12]	20
697	2	[31,30,29,28,27,26,25,24,23,22,21,20,19,18,17,16,15,14,13,12]	20
696	1	[31,30,29,28,27,26,25,24,23,22,21,20,19,18,17,16,15,14,13,12]	20
695	2	[31,30,29,28,27,26,25,24,23,22,21,20,19,18,17,16,15,14,13,12]	20
694	1	[31,30,29,28,27,26,25,24,23,22,21,20,19,18,17,16,15,14,13,12]	20
693	2	[31,30,29,28,27,26,25,24,23,22,21,20,19,18,17,16,15,14,13,12]	20
692	1	[31,30,29,28,27,26,25,24,23,22,21,20,19,18,17,16,15,14,13,12]	20
691	1	[31,30,29,28,27,26,25,24,23,22,21,20,19,18,17,16,15,14,13,12]	20
690	2	[31,30,29,28,27,26,25,24,23,22,21,20,19,18,17,16,15,14,13,12]	20
689	2	[31,30,29,28,27,26,25,24,23,22,21,20,19,18,17,16,15,14,13,12]	20
688	3	[31,30,29,28,27,26,25,24,23,22,21,20,19,18,17,16,15,14,13,12]	20
687	3	[31,30,29,28,27,26,25,24,23,22,21,20,19,18,17,16,15,14,13,12]	20
686	2	[31,30,29,28,27,26,25,24,23,22,21,20,19,18,17,16,15,14,13,12]	20
685	1	[31,30,29,28,27,26,25,24,23,22,21,20,19,18,17,16,15,14,13,12]	20
684	1	[31,30,29,28,27,26,25,24,23,22,21,20,19,18,17,16,15,14,13,12]	20
683	1	[31,30,29,28,27,26,25,24,23,22,21,20,19,18,17,16,15,14,13,12]	20
682	1	[31,30,29,28,27,26,25,24,23,22,21,20,19,18,17,16,15,14,13,12]	20
681	3	[31,30,29,28,27,26,25,24,23,22,21,20,19,18,17,16,15,14,13,12]	20
680	2	[31,30,29,28,27,26,25,24,23,22,21,20,19,18,17,16,15,14,13,12]	20
679	3	[31,30,29,28,27,26,25,24,23,22,21,20,19,18,17,16,15,14,13,12]	20
678	1	[31,30,29,28,27,26,25,24,23,22,21,20,19,18,17,16,15,14,13,12]	20
677	2	[31,30,29,28,27,26,25,24,23,22,21,20,19,18,17,16,15,14,13,12]	20
676	1	[31,30,29,28,27,26,25,24,23,22,21,20,19,18,17,16,15,14,13,12]	20
675	1	[31,30,29,28,27,26,25,24,23,22,21,20,19,18,17,16,15,14,13,12]	20
674	1	[31,30,29,28,27,26,25,24,23,22,21,20,19,18,17,16,15,14,13,12]	20
673	3	[31,30,29,28,27,26,25,24,23,22,21,20,19,18,17,16,15,14,13,12]	20
672	2	[31,30,29,28,27,26,25,24,23,22,21,20,19,18,17,16,15,14,13,12]	20
671	1	[31,30,29,28,27,26,25,24,23,22,21,20,19,18,17,16,15,14,13,12]	20
670	1	[31,30,29,28,27,26,25,24,23,22,21,20,19,18,17,16,15,14,13,12]	20
669	3	[31,30,29,28,27,26,25,24,23,22,21,20,19,18,17,16,15,14,13,12]	20
668	2	[31,30,29,28,27,26,25,24,23,22,21,20,19,18,17,16,15,14,13,12]	20
667	1	[31,30,29,28,27,26,25,24,23,22,21,20,19,18,17,16,15,14,13,12]	20
666	2	[31,30,29,28,27,26,25,24,23,22,21,20,19,18,17,16,15,14,13,12]	20
665	1	[31,30,29,28,27,26,25,24,23,22,21,20,19,18,17,16,15,14,13,12]	20
664	2	[31,30,29,28,27,26,25,24,23,22,21,20,19,18,17,16,15,14,13,12]	20
663	1	[31,30,29,28,27,26,25,24,23,22,21,20,19,18,17,16,15,14,13,12]	20
662	1	[31,30,29,28,27,26,25,24,23,22,21,20,19,18,17,16,15,14,13,12]	20
661	3	[31,30,29,28,27,26,25,24,23,22,21,20,19,18,17,16,15,14,13,12]	20
660	1	[31,30,29,28,27,26,25,24,23,22,21,20,19,18,17,16,15,14,13,12]	20
659	2	[31,30,29,28,27,26,25,24,23,22,21,20,19,18,17,16,15,14,13,12]	20
658	3	[31,30,29,28,27,26,25,24,23,22,21,20,19,18,17,16,15,14,13,12]	20
657	3	[31,30,29,28,27,26,25,24,23,22,21,20,19,18,17,16,15,14,13,12]	20
656	2	[31,30,29,28,27,26,25,24,23,22,21,20,19,18,17,16,15,14,13,12]	20
655	1	[31,30,29,28,27,26,25,24,23,22,21,20,19,18,17,16,15,14,13,12]	20
654	3	[31,30,29,28,27,26,25,24,23,22,21,20,19,18,17,16,15,14,13,12]	20
653	2	[31,30,29,28,27,26,25,24,23,22,21,20,19,18,17,16,15,14,13,12]	20
652	1	[31,30,29,28,27,26,25,24,23,22,21,20,19,18,17,16,15,14,13,12]	20
651	3	[31,30,29,28,27,26,25,24,23,22,21,20,19,18,17,16,15,14,13,12]	20
650	1	[31,30,29,28,27,26,25,24,23,22,21,20,19,18,17,16,15,14,13,12]	20
649	2	[31,30,29,28,27,26,25,24,23,22,21,20,19,18,17,16,15,14,13,12]	20
648	3	[31,30,29,28,27,26,25,24,23,22,21,20,19,18,17,16,15,14,13,12]	20
647	1	[31,30,29,28,27,26,25,24,23,22,21,20,19,18,17,16,15,14,13,12]	20
646	3	[31,30,29,28,27,26,25,24,23,22,21,20,19,18,17,16,15,14,13,12]	20
645	1	[31,30,29,28,27,26,25,24,23,22,21,20,19,18,17,16,15,14,13,12]	20
644	1	[31,30,29,28,27,26,25,24,23,22,21,20,19,18,17,16,15,14,13,12]	20
643	3	[31,30,29,28,27,26,25,24,23,22,21,20,19,18,17,16,15,14,13,12]	20
642	3	[31,30,29,28,27,26,25,24,23,22,21,20,19,18,17,16,15,14,13,12]	20
641	2	[31,30,29,28,27,26,25,24,23,22,21,20,19,18,17,16,15,14,13,12]	20
640	1	[31,30,29,28,27,26,25,24,23,22,21,20,19,18,17,16,15,14,13,12]	20
639	2	[31,30,29,28,27,26,25,24,23,22,21,20,19,18,17,16,15,14,13,12]	20
638	3	[31,30,29,28,27,26,25,24,23,22,21,20,19,18,17,16,15,14,13,12]	20
637	2	[31,30,29,28,27,26,25,24,23,22,21,20,19,18,17,16,15,14,13,12]	20
636	2	[31,30,29,28,27,26,25,24,23,22,21,20,19,18,17,16,15,14,13,12]	20
635	2	[31,30,29,28,27,26,25,24,23,22,21,20,19,18,17,16,15,14,13,12]	20
634	3	[31,30,29,28,27,26,25,24,23,22,21,20,19,18,17,16,15,14,13,12]	20
633	1	[31,30,29,28,27,26,25,24,23,22,21,20,19,18,17,16,15,14,13,12]	20
632	2	[31,30,29,28,27,26,25,24,23,22,21,20,19,18,17,16,15,14,13,12]	20
631	1	[31,30,29,28,27,26,25,24,23,22,21,20,19,18,17,16,15,14,13,12]	20
630	1	[31,30,29,28,27,26,25,24,23,22,21,20,19,18,17,16,15,14,13,12]	20
629	2	[31,30,29,28,27,26,25,24,23,22,21,20,19,18,17,16,15,14,13,12]	20
628	3	[31,30,29,28,27,26,25,24,23,22,21,20,19,18,17,16,15,14,13,12]	20
627	2	[31,30,29,28,27,26,25,24,23,22,21,20,19,18,17,16,15,14,13,12]	20
626	1	[31,30,29,28,27,26,25,24,23,22,21,20,19,18,17,16,15,14,13,12]	20
625	3	[31,30,29,28,27,26,25,24,23,22,21,20,19,18,17,16,15,14,13,12]	20
624	2	[31,30,29,28,27,26,25,24,23,22,21,20,19,18,17,16,15,14,13,12]	20
623	1	[31,30,29,28,27,26,25,24,23,22,21,20,19,18,17,16,15,14,13,12]	20
622	2	[31,30,29,28,27,26,25,24,23,22,21,20,19,18,17,16,15,14,13,12]	20
621	3	[31,30,29,28,27,26,25,24,23,22,21,20,19,18,17,16,15,14,13,12]	20
620	2	[31,30,29,28,27,26,25,24,23,22,21,20,19,18,17,16,15,14,13,12]	20
619	1	[31,30,29,28,27,26,25,24,23,22,21,20,19,18,17,16,15,14,13,12]	20
618	1	[31,30,29,28,27,26,25,24,23,22,21,20,19,18,17,16,15,14,13,12]	20
617	3	[31,30,29,28,27,26,25,24,23,22,21,20,19,18,17,16,15,14,13,12]	20
616	1	[31,30,29,28,27,26,25,24,23,22,21,20,19,18,17,16,15,14,13,12]	20
615	3	[31,30,29,28,27,26,25,24,23,22,21,20,19,18,17,16,15,14,13,12]	20
614	2	[31,30,29,28,27,26,25,24,23,22,21,20,19,18,17,16,15,14,13,12]	20
613	2	[31,30,29,28,27,26,25,24,23,22,21,20,19,18,17,16,15,14,13,12]	20
612	3	[31,30,29,28,27,26,25,24,23,22,21,20,19,18,17,16,15,14,13,12]	20
611	1	[31,30,29,28,27,26,25,24,23,22,21,20,19,18,17,16,15,14,13,12]	20
610	2	[31,30,29,28,27,26,25,24,23,22,21,20,19,18,17,16,15,14,13,12]	20
609	1	[31,30,29,28,27,26,25,24,23,22,21,20,19,18,17,16,15,14,13,12]	20
608	2	[31,30,29,28,27,26,25,24,23,22,21,20,19,18,17,16,15,14,13,12]	20
607	1	[31,30,29,28,27,26,25,24,23,22,21,20,19,18,17,16,15,14,13,12]	20
606	3	[31,30,29,28,27,26,25,24,23,22,21,20,19,18,17,16,15,14,13,12]	20
605	1	[31,30,29,28,27,26,25,24,23,22,21,20,19,18,17,16,15,14,13,12]	20
604	3	[31,30,29,28,27,26,25,24,23,22,21,20,19,18,17,16,15,14,13,12]	20
603	3	[31,30,29,28,27,26,25,24,23,22,21,20,19,18,17,16,15,14,13,12]	20
602	2	[31,30,29,28,27,26,25,24,23,22,21,20,19,18,17,16,15,14,13,12]	20
601	1	[31,30,29,28,27,26,25,24,23,22,21,20,19,18,17,16,15,14,13,12]	20
600	1	[31,30,29,28,27,26,25,24,23,22,21,20,19,18,17,16,15,14,13,12]	20
599	2	[31,30,29,28,27,26,25,24,23,22,21,20,19,18,17,16,15,14,13,12]	20
598	3	[31,30,29,28,27,26,25,24,23,22,21,20,19,18,17,16,15,14,13,12]	20
597	3	[31,30,29,28,27,26,25,24,23,22,21,20,19,18,17,16,15,14,13,12]	20
596	1	[31,30,29,28,27,26,25,24,23,22,21,20,19,18,17,16,15,14,13,12]	20
595	1	[31,30,29,28,27,26,25,24,23,22,21,20,19,18,17,16,15,14,13,12]	20
594	3	[31,30,29,28,27,26,25,24,23,22,21,20,19,18,17,16,15,14,13,12]	20
593	2	[31,30,29,28,27,26,25,24,23,22,21,20,19,18,17,16,15,14,13,12]	20
592	3	[31,30,29,28,27,26,25,24,23,22,21,20,19,18,17,16,15,14,13,12]	20
591	3	[31,30,29,28,27,26,25,24,23,22,21,20,19,18,17,16,15,14,13,12]	20
590	1	[31,30,29,28,27,26,25,24,23,22,21,20,19,18,17,16,15,14,13,12]	20
589	3	[31,30,29,28,27,26,25,24,23,22,21,20,19,18,17,16,15,14,13,12]	20
588	1	[31,30,29,28,27,26,25,24,23,22,21,20,19,18,17,16,15,14,13,12]	20
587	2	[31,30,29,28,27,26,25,24,23,22,21,20,19,18,17,16,15,14,13,12]	20
586	3	[31,30,29,28,27,26,25,24,23,22,21,20,19,18,17,16,15,14,13,12]	20
585	1	[31,30,29,28,27,26,25,24,23,22,21,20,19,18,17,16,15,14,13,12]	20
584	2	[31,30,29,28,27,26,25,24,23,22,21,20,19,18,17,16,15,14,13,12]	20
583	1	[31,30,29,28,27,26,25,24,23,22,21,20,19,18,17,16,15,14,13,12]	20
582	3	[31,30,29,28,27,26,25,24,23,22,21,20,19,18,17,16,15,14,13,12]	20
581	1	[31,30,29,28,27,26,25,24,23,22,21,20,19,18,17,16,15,14,13,12]	20
580	2	[31,30,29,28,27,26,25,24,23,22,21,20,19,18,17,16,15,14,13,12]	20
579	1	[31,30,29,28,27,26,25,24,23,22,21,20,19,18,17,16,15,14,13,12]	20
578	2	[31,30,29,28,27,26,25,24,23,22,21,20,19,18,17,16,15,14,13,12]	20
577	2	[31,30,29,28,27,26,25,24,23,22,21,20,19,18,17,16,15,14,13,12]	20
576	2	[31,30,29,28,27,26,25,24,23,22,21,20,19,18,17,16,15,14,13,12]	20
575	1	[31,30,29,28,27,26,25,24,23,22,21,20,19,18,17,16,15,14,13,12]	20
574	2	[31,30,29,28,27,26,25,24,23,22,21,20,19,18,17,16,15,14,13,12]	20
573	3	[31,30,29,28,27,26,25,24,23,22,21,20,19,18,17,16,15,14,13,12]	20
572	2	[31,30,29,28,27,26,25,24,23,22,21,20,19,18,17,16,15,14,13,12]	20
571	3	[31,30,29,28,27,26,25,24,23,22,21,20,19,18,17,16,15,14,13,12]	20
570	3	[31,30,29,28,27,26,25,24,23,22,21,20,19,18,17,16,15,14,13,12]	20
569	2	[31,30,29,28,27,26,25,24,23,22,21,20,19,18,17,16,15,14,13,12]	20
568	1	[31,30,29,28,27,26,25,24,23,22,21,20,19,18,17,16,15,14,13,12]	20
567	1	[31,30,29,28,27,26,25,24,23,22,21,20,19,18,17,16,15,14,13,12]	20
566	2	[31,30,29,28,27,26,25,24,23,22,21,20,19,18,17,16,15,14,13,12]	20
565	1	[31,30,29,28,27,26,25,24,23,22,21,20,19,18,17,16,15,14,13,12]	20
564	3	[31,30,29,28,27,26,25,24,23,22,21,20,19,18,17,16,15,14,13,12]	20
563	1	[31,30,29,28,27,26,25,24,23,22,21,20,19,18,17,16,15,14,13,12]	20
562	1	[31,30,29,28,27,26,25,24,23,22,21,20,19,18,17,16,15,14,13,12]	20
561	3	[31,30,29,28,27,26,25,24,23,22,21,20,19,18,17,16,15,14,13,12]	20
560	1	[31,30,29,28,27,26,25,24,23,22,21,20,19,18,17,16,15,14,13,12]	20
559	2	[31,30,29,28,27,26,25,24,23,22,21,20,19,18,17,16,15,14,13,12]	20
558	1	[31,30,29,28,27,26,25,24,23,22,21,20,19,18,17,16,15,14,13,12]	20
557	1	[31,30,29,28,27,26,25,24,23,22,21,20,19,18,17,16,15,14,13,12]	20
556	2	[31,30,29,28,27,26,25,24,23,22,21,20,19,18,17,16,15,14,13,12]	20
555	1	[31,30,29,28,27,26,25,24,23,22,21,20,19,18,17,16,15,14,13,12]	20
554	2	[31,30,29,28,27,26,25,24,23,22,21,20,19,18,17,16,15,14,13,12]	20
553	3	[31,30,29,28,27,26,25,24,23,22,21,20,19,18,17,16,15,14,13,12]	20
552	2	[31,30,29,28,27,26,25,24,23,22,21,20,19,18,17,16,15,14,13,12]	20
551	2	[31,30,29,28,27,26,25,24,23,22,21,20,19,18,17,16,15,14,13,12]	20
550	3	[31,30,29,28,27,26,25,24,23,22,21,20,19,18,17,16,15,14,13,12]	20
549	2	[31,30,29,28,27,26,25,24,23,22,21,20,19,18,17,16,15,14,13,12]	20
548	3	[31,30,29,28,27,26,25,24,23,22,21,20,19,18,17,16,15,14,13,12]	20
547	3	[31,30,29,28,27,26,25,24,23,22,21,20,19,18,17,16,15,14,13,12]	20
546	2	[31,30,29,28,27,26,25,24,23,22,21,20,19,18,17,16,15,14,13,12]	20
545	3	[31,30,29,28,27,26,25,24,23,22,21,20,19,18,17,16,15,14,13,12]	20
544	1	[31,30,29,28,27,26,25,24,23,22,21,20,19,18,17,16,15,14,13,12]	20
543	1	[31,30,29,28,27,26,25,24,23,22,21,20,19,18,17,16,15,14,13,12]	20
542	2	[31,30,29,28,27,26,25,24,23,22,21,20,19,18,17,16,15,14,13,12]	20
541	2	[31,30,29,28,27,26,25,24,23,22,21,20,19,18,17,16,15,14,13,12]	20
540	3	[31,30,29,28,27,26,25,24,23,22,21,20,19,18,17,16,15,14,13,12]	20
539	2	[31,30,29,28,27,26,25,24,23,22,21,20,19,18,17,16,15,14,13,12]	20
538	2	[31,30,29,28,27,26,25,24,23,22,21,20,19,18,17,16,15,14,13,12]	20
537	2	[31,30,29,28,27,26,25,24,23,22,21,20,19,18,17,16,15,14,13,12]	20
536	1	[31,30,29,28,27,26,25,24,23,22,21,20,19,18,17,16,15,14,13,12]	20
535	2	[31,30,29,28,27,26,25,24,23,22,21,20,19,18,17,16,15,14,13,12]	20
534	3	[31,30,29,28,27,26,25,24,23,22,21,20,19,18,17,16,15,14,13,12]	20
533	3	[31,30,29,28,27,26,25,24,23,22,21,20,19,18,17,16,15,14,13,12]	20
532	2	[31,30,29,28,27,26,25,24,23,22,21,20,19,18,17,16,15,14,13,12]	20
531	3	[31,30,29,28,27,26,25,24,23,22,21,20,19,18,17,16,15,14,13,12]	20
530	2	[31,30,29,28,27,26,25,24,23,22,21,20,19,18,17,16,15,14,13,12]	20
529	2	[31,30,29,28,27,26,25,24,23,22,21,20,19,18,17,16,15,14,13,12]	20
528	3	[31,30,29,28,27,26,25,24,23,22,21,20,19,18,17,16,15,14,13,12]	20
527	1	[31,30,29,28,27,26,25,24,23,22,21,20,19,18,17,16,15,14,13,12]	20
526	2	[31,30,29,28,27,26,25,24,23,22,21,20,19,18,17,16,15,14,13,12]	20
525	3	[31,30,29,28,27,26,25,24,23,22,21,20,19,18,17,16,15,14,13,12]	20
524	2	[31,30,29,28,27,26,25,24,23,22,21,20,19,18,17,16,15,14,13,12]	20
523	2	[31,30,29,28,27,26,25,24,23,22,21,20,19,18,17,16,15,14,13,12]	20
522	1	[31,30,29,28,27,26,25,24,23,22,21,20,19,18,17,16,15,14,13,12]	20
521	1	[31,30,29,28,27,26,25,24,23,22,21,20,19,18,17,16,15,14,13,12]	20
520	1	[31,30,29,28,27,26,25,24,23,22,21,20,19,18,17,16,15,14,13,12]	20
519	1	[31,30,29,28,27,26,25,24,23,22,21,20,19,18,17,16,15,14,13,12]	20
518	2	[31,30,29,28,27,26,25,24,23,22,21,20,19,18,17,16,15,14,13,12]	20
517	1	[31,30,29,28,27,26,25,24,23,22,21,20,19,18,17,16,15,14,13,12]	20
516	1	[31,30,29,28,27,26,25,24,23,22,21,20,19,18,17,16,15,14,13,12]	20
515	1	[31,30,29,28,27,26,25,24,23,22,21,20,19,18,17,16,15,14,13,12]	20
514	1	[31,30,29,28,27,26,25,24,23,22,21,20,19,18,17,16,15,14,13,12]	20
513	2	[31,30,29,28,27,26,25,24,23,22,21,20,19,18,17,16,15,14,13,12]	20
512	1	[31,30,29,28,27,26,25,24,23,22,21,20,19,18,17,16,15,14,13,12]	20
511	1	[31,30,29,28,27,26,25,24,23,22,21,20,19,18,17,16,15,14,13,12]	20
510	2	[31,30,29,28,27,26,25,24,23,22,21,20,19,18,17,16,15,14,13,12]	20
509	1	[31,30,29,28,27,26,25,24,23,22,21,20,19,18,17,16,15,14,13,12]	20
508	1	[31,30,29,28,27,26,25,24,23,22,21,20,19,18,17,16,15,14,13,12]	20
507	3	[31,30,29,28,27,26,25,24,23,22,21,20,19,18,17,16,15,14,13,12]	20
506	1	[31,30,29,28,27,26,25,24,23,22,21,20,19,18,17,16,15,14,13,12]	20
505	2	[31,30,29,28,27,26,25,24,23,22,21,20,19,18,17,16,15,14,13,12]	20
504	3	[31,30,29,28,27,26,25,24,23,22,21,20,19,18,17,16,15,14,13,12]	20
503	1	[31,30,29,28,27,26,25,24,23,22,21,20,19,18,17,16,15,14,13,12]	20
502	1	[31,30,29,28,27,26,25,24,23,22,21,20,19,18,17,16,15,14,13,12]	20
501	1	[31,30,29,28,27,26,25,24,23,22,21,20,19,18,17,16,15,14,13,12]	20
500	3	[31,30,29,28,27,26,25,24,23,22,21,20,19,18,17,16,15,14,13,12]	20
499	2	[31,30,29,28,27,26,25,24,23,22,21,20,19,18,17,16,15,14,13,12]	20
498	3	[31,30,29,28,27,26,25,24,23,22,21,20,19,18,17,16,15,14,13,12]	20
497	3	[31,30,29,28,27,26,25,24,23,22,21,20,19,18,17,16,15,14,13,12]	20
496	3	[31,30,29,28,27,26,25,24,23,22,21,20,19,18,17,16,15,14,13,12]	20
495	2	[31,30,29,28,27,26,25,24,23,22,21,20,19,18,17,16,15,14,13,12]	20
494	1	[31,30,29,28,27,26,25,24,23,22,21,20,19,18,17,16,15,14,13,12]	20
493	3	[31,30,29,28,27,26,25,24,23,22,21,20,19,18,17,16,15,14,13,12]	20
492	2	[31,30,29,28,27,26,25,24,23,22,21,20,19,18,17,16,15,14,13,12]	20
491	1	[31,30,29,28,27,26,25,24,23,22,21,20,19,18,17,16,15,14,13,12]	20
490	2	[31,30,29,28,27,26,25,24,23,22,21,20,19,18,17,16,15,14,13,12]	20
489	2	[31,30,29,28,27,26,25,24,23,22,21,20,19,18,17,16,15,14,13,12]	20
488	3	[31,30,29,28,27,26,25,24,23,22,21,20,19,18,17,16,15,14,13,12]	20
487	2	[31,30,29,28,27,26,25,24,23,22,21,20,19,18,17,16,15,14,13,12]	20
486	1	[31,30,29,28,27,26,25,24,23,22,21,20,19,18,17,16,15,14,13,12]	20
485	3	[31,30,29,28,27,26,25,24,23,22,21,20,19,18,17,16,15,14,13,12]	20
484	2	[31,30,29,28,27,26,25,24,23,22,21,20,19,18,17,16,15,14,13,12]	20
483	2	[31,30,29,28,27,26,25,24,23,22,21,20,19,18,17,16,15,14,13,12]	20
482	3	[31,30,29,28,27,26,25,24,23,22,21,20,19,18,17,16,15,14,13,12]	20
481	2	[31,30,29,28,27,26,25,24,23,22,21,20,19,18,17,16,15,14,13,12]	20
480	1	[31,30,29,28,27,26,25,24,23,22,21,20,19,18,17,16,15,14,13,12]	20
479	3	[31,30,29,28,27,26,25,24,23,22,21,20,19,18,17,16,15,14,13,12]	20
478	3	[31,30,29,28,27,26,25,24,23,22,21,20,19,18,17,16,15,14,13,12]	20
477	2	[31,30,29,28,27,26,25,24,23,22,21,20,19,18,17,16,15,14,13,12]	20
476	2	[31,30,29,28,27,26,25,24,23,22,21,20,19,18,17,16,15,14,13,12]	20
475	2	[31,30,29,28,27,26,25,24,23,22,21,20,19,18,17,16,15,14,13,12]	20
474	2	[31,30,29,28,27,26,25,24,23,22,21,20,19,18,17,16,15,14,13,12]	20
473	2	[31,30,29,28,27,26,25,24,23,22,21,20,19,18,17,16,15,14,13,12]	20
472	1	[31,30,29,28,27,26,25,24,23,22,21,20,19,18,17,16,15,14,13,12]	20
471	1	[31,30,29,28,27,26,25,24,23,22,21,20,19,18,17,16,15,14,13,12]	20
470	2	[31,30,29,28,27,26,25,24,23,22,21,20,19,18,17,16,15,14,13,12]	20
469	1	[31,30,29,28,27,26,25,24,23,22,21,20,19,18,17,16,15,14,13,12]	20
468	3	[31,30,29,28,27,26,25,24,23,22,21,20,19,18,17,16,15,14,13,12]	20
467	2	[31,30,29,28,27,26,25,24,23,22,21,20,19,18,17,16,15,14,13,12]	20
466	1	[31,30,29,28,27,26,25,24,23,22,21,20,19,18,17,16,15,14,13,12]	20
465	2	[31,30,29,28,27,26,25,24,23,22,21,20,19,18,17,16,15,14,13,12]	20
464	3	[31,30,29,28,27,26,25,24,23,22,21,20,19,18,17,16,15,14,13,12]	20
463	2	[31,30,29,28,27,26,25,24,23,22,21,20,19,18,17,16,15,14,13,12]	20
462	1	[31,30,29,28,27,26,25,24,23,22,21,20,19,18,17,16,15,14,13,12]	20
461	2	[31,30,29,28,27,26,25,24,23,22,21,20,19,18,17,16,15,14,13,12]	20
460	2	[31,30,29,28,27,26,25,24,23,22,21,20,19,18,17,16,15,14,13,12]	20
459	1	[31,30,29,28,27,26,25,24,23,22,21,20,19,18,17,16,15,14,13,12]	20
458	3	[31,30,29,28,27,26,25,24,23,22,21,20,19,18,17,16,15,14,13,12]	20
457	1	[31,30,29,28,27,26,25,24,23,22,21,20,19,18,17,16,15,14,13,12]	20
456	2	[31,30,29,28,27,26,25,24,23,22,21,20,19,18,17,16,15,14,13,12]	20
455	1	[31,30,29,28,27,26,25,24,23,22,21,20,19,18,17,16,15,14,13,12]	20
454	3	[31,30,29,28,27,26,25,24,23,22,21,20,19,18,17,16,15,14,13,12]	20
453	2	[31,30,29,28,27,26,25,24,23,22,21,20,19,18,17,16,15,14,13,12]	20
452	1	[31,30,29,28,27,26,25,24,23,22,21,20,19,18,17,16,15,14,13,12]	20
451	3	[31,30,29,28,27,26,25,24,23,22,21,20,19,18,17,16,15,14,13,12]	20
450	1	[31,30,29,28,27,26,25,24,23,22,21,20,19,18,17,16,15,14,13,12]	20
449	1	[31,30,29,28,27,26,25,24,23,22,21,20,19,18,17,16,15,14,13,12]	20
448	2	[31,30,29,28,27,26,25,24,23,22,21,20,19,18,17,16,15,14,13,12]	20
447	2	[31,30,29,28,27,26,25,24,23,22,21,20,19,18,17,16,15,14,13,12]	20
446	1	[31,30,29,28,27,26,25,24,23,22,21,20,19,18,17,16,15,14,13,12]	20
445	3	[31,30,29,28,27,26,25,24,23,22,21,20,19,18,17,16,15,14,13,12]	20
444	3	[31,30,29,28,27,26,25,24,23,22,21,20,19,18,17,16,15,14,13,12]	20
443	1	[31,30,29,28,27,26,25,24,23,22,21,20,19,18,17,16,15,14,13,12]	20
442	3	[31,30,29,28,27,26,25,24,23,22,21,20,19,18,17,16,15,14,13,12]	20
441	1	[31,30,29,28,27,26,25,24,23,22,21,20,19,18,17,16,15,14,13,12]	20
440	1	[31,30,29,28,27,26,25,24,23,22,21,20,19,18,17,16,15,14,13,12]	20
439	1	[31,30,29,28,27,26,25,24,23,22,21,20,19,18,17,16,15,14,13,12]	20
438	3	[31,30,29,28,27,26,25,24,23,22,21,20,19,18,17,16,15,14,13,12]	20
437	1	[31,30,29,28,27,26,25,24,23,22,21,20,19,18,17,16,15,14,13,12]	20
436	2	[31,30,29,28,27,26,25,24,23,22,21,20,19,18,17,16,15,14,13,12]	20
435	1	[31,30,29,28,27,26,25,24,23,22,21,20,19,18,17,16,15,14,13,12]	20
434	1	[31,30,29,28,27,26,25,24,23,22,21,20,19,18,17,16,15,14,13,12]	20
433	3	[31,30,29,28,27,26,25,24,23,22,21,20,19,18,17,16,15,14,13,12]	20
432	3	[31,30,29,28,27,26,25,24,23,22,21,20,19,18,17,16,15,14,13,12]	20
431	2	[31,30,29,28,27,26,25,24,23,22,21,20,19,18,17,16,15,14,13,12]	20
430	1	[31,30,29,28,27,26,25,24,23,22,21,20,19,18,17,16,15,14,13,12]	20
429	1	[31,30,29,28,27,26,25,24,23,22,21,20,19,18,17,16,15,14,13,12]	20
428	2	[31,30,29,28,27,26,25,24,23,22,21,20,19,18,17,16,15,14,13,12]	20
427	1	[31,30,29,28,27,26,25,24,23,22,21,20,19,18,17,16,15,14,13,12]	20
426	3	[31,30,29,28,27,26,25,24,23,22,21,20,19,18,17,16,15,14,13,12]	20
425	3	[31,30,29,28,27,26,25,24,23,22,21,20,19,18,17,16,15,14,13,12]	20
424	2	[31,30,29,28,27,26,25,24,23,22,21,20,19,18,17,16,15,14,13,12]	20
423	1	[31,30,29,28,27,26,25,24,23,22,21,20,19,18,17,16,15,14,13,12]	20
422	1	[31,30,29,28,27,26,25,24,23,22,21,20,19,18,17,16,15,14,13,12]	20
421	1	[31,30,29,28,27,26,25,24,23,22,21,20,19,18,17,16,15,14,13,12]	20
420	3	[31,30,29,28,27,26,25,24,23,22,21,20,19,18,17,16,15,14,13,12]	20
419	1	[31,30,29,28,27,26,25,24,23,22,21,20,19,18,17,16,15,14,13,12]	20
418	1	[31,30,29,28,27,26,25,24,23,22,21,20,19,18,17,16,15,14,13,12]	20
417	3	[31,30,29,28,27,26,25,24,23,22,21,20,19,18,17,16,15,14,13,12]	20
416	1	[31,30,29,28,27,26,25,24,23,22,21,20,19,18,17,16,15,14,13,12]	20
415	1	[31,30,29,28,27,26,25,24,23,22,21,20,19,18,17,16,15,14,13,12]	20
414	2	[31,30,29,28,27,26,25,24,23,22,21,20,19,18,17,16,15,14,13,12]	20
413	2	[31,30,29,28,27,26,25,24,23,22,21,20,19,18,17,16,15,14,13,12]	20
412	3	[31,30,29,28,27,26,25,24,23,22,21,20,19,18,17,16,15,14,13,12]	20
411	3	[31,30,29,28,27,26,25,24,23,22,21,20,19,18,17,16,15,14,13,12]	20
410	1	[31,30,29,28,27,26,25,24,23,22,21,20,19,18,17,16,15,14,13,12]	20
409	2	[31,30,29,28,27,26,25,24,23,22,21,20,19,18,17,16,15,14,13,12]	20
408	1	[31,30,29,28,27,26,25,24,23,22,21,20,19,18,17,16,15,14,13,12]	20
407	1	[31,30,29,28,27,26,25,24,23,22,21,20,19,18,17,16,15,14,13,12]	20
406	1	[31,30,29,28,27,26,25,24,23,22,21,20,19,18,17,16,15,14,13,12]	20
405	2	[31,30,29,28,27,26,25,24,23,22,21,20,19,18,17,16,15,14,13,12]	20
404	3	[31,30,29,28,27,26,25,24,23,22,21,20,19,18,17,16,15,14,13,12]	20
403	3	[31,30,29,28,27,26,25,24,23,22,21,20,19,18,17,16,15,14,13,12]	20
402	1	[31,30,29,28,27,26,25,24,23,22,21,20,19,18,17,16,15,14,13,12]	20
401	1	[31,30,29,28,27,26,25,24,23,22,21,20,19,18,17,16,15,14,13,12]	20
400	2	[31,30,29,28,27,26,25,24,23,22,21,20,19,18,17,16,15,14,13,12]	20
399	1	[31,30,29,28,27,26,25,24,23,22,21,20,19,18,17,16,15,14,13,12]	20
398	1	[31,30,29,28,27,26,25,24,23,22,21,20,19,18,17,16,15,14,13,12]	20
397	1	[31,30,29,28,27,26,25,24,23,22,21,20,19,18,17,16,15,14,13,12]	20
396	1	[31,30,29,28,27,26,25,24,23,22,21,20,19,18,17,16,15,14,13,12]	20
395	1	[31,30,29,28,27,26,25,24,23,22,21,20,19,18,17,16,15,14,13,12]	20
394	1	[31,30,29,28,27,26,25,24,23,22,21,20,19,18,17,16,15,14,13,12]	20
393	1	[31,30,29,28,27,26,25,24,23,22,21,20,19,18,17,16,15,14,13,12]	20
392	1	[31,30,29,28,27,26,25,24,23,22,21,20,19,18,17,16,15,14,13,12]	20
391	3	[31,30,29,28,27,26,25,24,23,22,21,20,19,18,17,16,15,14,13,12]	20
390	1	[31,30,29,28,27,26,25,24,23,22,21,20,19,18,17,16,15,14,13,12]	20
389	1	[31,30,29,28,27,26,25,24,23,22,21,20,19,18,17,16,15,14,13,12]	20
388	1	[31,30,29,28,27,26,25,24,23,22,21,20,19,18,17,16,15,14,13,12]	20
387	1	[31,30,29,28,27,26,25,24,23,22,21,20,19,18,17,16,15,14,13,12]	20
386	3	[31,30,29,28,27,26,25,24,23,22,21,20,19,18,17,16,15,14,13,12]	20
385	1	[31,30,29,28,27,26,25,24,23,22,21,20,19,18,17,16,15,14,13,12]	20
384	3	[31,30,29,28,27,26,25,24,23,22,21,20,19,18,17,16,15,14,13,12]	20
383	2	[31,30,29,28,27,26,25,24,23,22,21,20,19,18,17,16,15,14,13,12]	20
382	1	[31,30,29,28,27,26,25,24,23,22,21,20,19,18,17,16,15,14,13,12]	20
381	2	[31,30,29,28,27,26,25,24,23,22,21,20,19,18,17,16,15,14,13,12]	20
380	2	[31,30,29,28,27,26,25,24,23,22,21,20,19,18,17,16,15,14,13,12]	20
379	2	[31,30,29,28,27,26,25,24,23,22,21,20,19,18,17,16,15,14,13,12]	20
378	1	[31,30,29,28,27,26,25,24,23,22,21,20,19,18,17,16,15,14,13,12]	20
377	1	[31,30,29,28,27,26,25,24,23,22,21,20,19,18,17,16,15,14,13,12]	20
376	1	[31,30,29,28,27,26,25,24,23,22,21,20,19,18,17,16,15,14,13,12]	20
375	3	[31,30,29,28,27,26,25,24,23,22,21,20,19,18,17,16,15,14,13,12]	20
374	1	[31,30,29,28,27,26,25,24,23,22,21,20,19,18,17,16,15,14,13,12]	20
373	3	[31,30,29,28,27,26,25,24,23,22,21,20,19,18,17,16,15,14,13,12]	20
372	1	[31,30,29,28,27,26,25,24,23,22,21,20,19,18,17,16,15,14,13,12]	20
371	3	[31,30,29,28,27,26,25,24,23,22,21,20,19,18,17,16,15,14,13,12]	20
370	2	[31,30,29,28,27,26,25,24,23,22,21,20,19,18,17,16,15,14,13,12]	20
369	1	[31,30,29,28,27,26,25,24,23,22,21,20,19,18,17,16,15,14,13,12]	20
368	1	[31,30,29,28,27,26,25,24,23,22,21,20,19,18,17,16,15,14,13,12]	20
367	2	[31,30,29,28,27,26,25,24,23,22,21,20,19,18,17,16,15,14,13,12]	20
366	1	[31,30,29,28,27,26,25,24,23,22,21,20,19,18,17,16,15,14,13,12]	20
365	2	[31,30,29,28,27,26,25,24,23,22,21,20,19,18,17,16,15,14,13,12]	20
364	1	[31,30,29,28,27,26,25,24,23,22,21,20,19,18,17,16,15,14,13,12]	20
363	3	[31,30,29,28,27,26,25,24,23,22,21,20,19,18,17,16,15,14,13,12]	20
362	3	[31,30,29,28,27,26,25,24,23,22,21,20,19,18,17,16,15,14,13,12]	20
361	1	[31,30,29,28,27,26,25,24,23,22,21,20,19,18,17,16,15,14,13,12]	20
360	3	[31,30,29,28,27,26,25,24,23,22,21,20,19,18,17,16,15,14,13,12]	20
359	3	[31,30,29,28,27,26,25,24,23,22,21,20,19,18,17,16,15,14,13,12]	20
358	2	[31,30,29,28,27,26,25,24,23,22,21,20,19,18,17,16,15,14,13,12]	20
357	2	[31,30,29,28,27,26,25,24,23,22,21,20,19,18,17,16,15,14,13,12]	20
356	1	[31,30,29,28,27,26,25,24,23,22,21,20,19,18,17,16,15,14,13,12]	20
355	2	[31,30,29,28,27,26,25,24,23,22,21,20,19,18,17,16,15,14,13,12]	20
354	1	[31,30,29,28,27,26,25,24,23,22,21,20,19,18,17,16,15,14,13,12]	20
353	2	[31,30,29,28,27,26,25,24,23,22,21,20,19,18,17,16,15,14,13,12]	20
352	1	[31,30,29,28,27,26,25,24,23,22,21,20,19,18,17,16,15,14,13,12]	20
351	1	[31,30,29,28,27,26,25,24,23,22,21,20,19,18,17,16,15,14,13,12]	20
350	1	[31,30,29,28,27,26,25,24,23,22,21,20,19,18,17,16,15,14,13,12]	20
349	2	[31,30,29,28,27,26,25,24,23,22,21,20,19,18,17,16,15,14,13,12]	20
348	1	[31,30,29,28,27,26,25,24,23,22,21,20,19,18,17,16,15,14,13,12]	20
347	2	[31,30,29,28,27,26,25,24,23,22,21,20,19,18,17,16,15,14,13,12]	20
346	2	[31,30,29,28,27,26,25,24,23,22,21,20,19,18,17,16,15,14,13,12]	20
345	3	[31,30,29,28,27,26,25,24,23,22,21,20,19,18,17,16,15,14,13,12]	20
344	2	[31,30,29,28,27,26,25,24,23,22,21,20,19,18,17,16,15,14,13,12]	20
343	1	[31,30,29,28,27,26,25,24,23,22,21,20,19,18,17,16,15,14,13,12]	20
342	1	[31,30,29,28,27,26,25,24,23,22,21,20,19,18,17,16,15,14,13,12]	20
341	2	[31,30,29,28,27,26,25,24,23,22,21,20,19,18,17,16,15,14,13,12]	20
340	2	[31,30,29,28,27,26,25,24,23,22,21,20,19,18,17,16,15,14,13,12]	20
339	3	[31,30,29,28,27,26,25,24,23,22,21,20,19,18,17,16,15,14,13,12]	20
338	1	[31,30,29,28,27,26,25,24,23,22,21,20,19,18,17,16,15,14,13,12]	20
337	2	[31,30,29,28,27,26,25,24,23,22,21,20,19,18,17,16,15,14,13,12]	20
336	1	[31,30,29,28,27,26,25,24,23,22,21,20,19,18,17,16,15,14,13,12]	20
335	2	[31,30,29,28,27,26,25,24,23,22,21,20,19,18,17,16,15,14,13,12]	20
334	1	[31,30,29,28,27,26,25,24,23,22,21,20,19,18,17,16,15,14,13,12]	20
333	1	[31,30,29,28,27,26,25,24,23,22,21,20,19,18,17,16,15,14,13,12]	20
332	1	[31,30,29,28,27,26,25,24,23,22,21,20,19,18,17,16,15,14,13,12]	20
331	2	[31,30,29,28,27,26,25,24,23,22,21,20,19,18,17,16,15,14,13,12]	20
330	1	[31,30,29,28,27,26,25,24,23,22,21,20,19,18,17,16,15,14,13,12]	20
329	3	[31,30,29,28,27,26,25,24,23,22,21,20,19,18,17,16,15,14,13,12]	20
328	3	[31,30,29,28,27,26,25,24,23,22,21,20,19,18,17,16,15,14,13,12]	20
327	1	[31,30,29,28,27,26,25,24,23,22,21,20,19,18,17,16,15,14,13,12]	20
326	1	[31,30,29,28,27,26,25,24,23,22,21,20,19,18,17,16,15,14,13,12]	20
325	1	[31,30,29,28,27,26,25,24,23,22,21,20,19,18,17,16,15,14,13,12]	20
324	1	[31,30,29,28,27,26,25,24,23,22,21,20,19,18,17,16,15,14,13,12]	20
323	1	[31,30,29,28,27,26,25,24,23,22,21,20,19,18,17,16,15,14,13,12]	20
322	1	[31,30,29,28,27,26,25,24,23,22,21,20,19,18,17,16,15,14,13,12]	20
321	3	[31,30,29,28,27,26,25,24,23,22,21,20,19,18,17,16,15,14,13,12]	20
320	1	[31,30,29,28,27,26,25,24,23,22,21,20,19,18,17,16,15,14,13,12]	20
319	1	[31,30,29,28,27,26,25,24,23,22,21,20,19,18,17,16,15,14,13,12]	20
318	1	[31,30,29,28,27,26,25,24,23,22,21,20,19,18,17,16,15,14,13,12]	20
317	3	[31,30,29,28,27,26,25,24,23,22,21,20,19,18,17,16,15,14,13,12]	20
316	1	[31,30,29,28,27,26,25,24,23,22,21,20,19,18,17,16,15,14,13,12]	20
315	1	[31,30,29,28,27,26,25,24,23,22,21,20,19,18,17,16,15,14,13,12]	20
314	3	[31,30,29,28,27,26,25,24,23,22,21,20,19,18,17,16,15,14,13,12]	20
313	2	[31,30,29,28,27,26,25,24,23,22,21,20,19,18,17,16,15,14,13,12]	20
312	2	[31,30,29,28,27,26,25,24,23,22,21,20,19,18,17,16,15,14,13,12]	20
311	1	[31,30,29,28,27,26,25,24,23,22,21,20,19,18,17,16,15,14,13,12]	20
310	1	[31,30,29,28,27,26,25,24,23,22,21,20,19,18,17,16,15,14,13,12]	20
309	2	[31,30,29,28,27,26,25,24,23,22,21,20,19,18,17,16,15,14,13,12]	20
308	1	[31,30,29,28,27,26,25,24,23,22,21,20,19,18,17,16,15,14,13,12]	20
307	2	[31,30,29,28,27,26,25,24,23,22,21,20,19,18,17,16,15,14,13,12]	20
306	2	[31,30,29,28,27,26,25,24,23,22,21,20,19,18,17,16,15,14,13,12]	20
305	2	[31,30,29,28,27,26,25,24,23,22,21,20,19,18,17,16,15,14,13,12]	20
304	1	[31,30,29,28,27,26,25,24,23,22,21,20,19,18,17,16,15,14,13,12]	20
303	2	[31,30,29,28,27,26,25,24,23,22,21,20,19,18,17,16,15,14,13,12]	20
302	1	[31,30,29,28,27,26,25,24,23,22,21,20,19,18,17,16,15,14,13,12]	20
301	1	[31,30,29,28,27,26,25,24,23,22,21,20,19,18,17,16,15,14,13,12]	20
300	2	[31,30,29,28,27,26,25,24,23,22,21,20,19,18,17,16,15,14,13,12]	20
299	1	[31,30,29,28,27,26,25,24,23,22,21,20,19,18,17,16,15,14,13,12]	20
298	2	[31,30,29,28,27,26,25,24,23,22,21,20,19,18,17,16,15,14,13,12]	20
297	1	[31,30,29,28,27,26,25,24,23,22,21,20,19,18,17,16,15,14,13,12]	20
296	1	[31,30,29,28,27,26,25,24,23,22,21,20,19,18,17,16,15,14,13,12]	20
295	2	[31,30,29,28,27,26,25,24,23,22,21,20,19,18,17,16,15,14,13,12]	20
294	2	[31,30,29,28,27,26,25,24,23,22,21,20,19,18,17,16,15,14,13,12]	20
293	1	[31,30,29,28,27,26,25,24,23,22,21,20,19,18,17,16,15,14,13,12]	20
292	2	[31,30,29,28,27,26,25,24,23,22,21,20,19,18,17,16,15,14,13,12]	20
291	1	[31,30,29,28,27,26,25,24,23,22,21,20,19,18,17,16,15,14,13,12]	20
290	1	[31,30,29,28,27,26,25,24,23,22,21,20,19,18,17,16,15,14,13,12]	20
289	2	[31,30,29,28,27,26,25,24,23,22,21,20,19,18,17,16,15,14,13,12]	20
288	1	[31,30,29,28,27,26,25,24,23,22,21,20,19,18,17,16,15,14,13,12]	20
287	2	[31,30,29,28,27,26,25,24,23,22,21,20,19,18,17,16,15,14,13,12]	20
286	1	[31,30,29,28,27,26,25,24,23,22,21,20,19,18,17,16,15,14,13,12]	20
285	1	[31,30,29,28,27,26,25,24,23,22,21,20,19,18,17,16,15,14,13,12]	20
284	2	[31,30,29,28,27,26,25,24,23,22,21,20,19,18,17,16,15,14,13,12]	20
283	1	[31,30,29,28,27,26,25,24,23,22,21,20,19,18,17,16,15,14,13,12]	20
282	1	[31,30,29,28,27,26,25,24,23,22,21,20,19,18,17,16,15,14,13,12]	20
281	3	[31,30,29,28,27,26,25,24,23,22,21,20,19,18,17,16,15,14,13,12]	20
280	1	[31,30,29,28,27,26,25,24,23,22,21,20,19,18,17,16,15,14,13,12]	20
279	2	[31,30,29,28,27,26,25,24,23,22,21,20,19,18,17,16,15,14,13,12]	20
278	1	[31,30,29,28,27,26,25,24,23,22,21,20,19,18,17,16,15,14,13,12]	20
277	3	[31,30,29,28,27,26,25,24,23,22,21,20,19,18,17,16,15,14,13,12]	20
276	2	[31,30,29,28,27,26,25,24,23,22,21,20,19,18,17,16,15,14,13,12]	20
275	1	[31,30,29,28,27,26,25,24,23,22,21,20,19,18,17,16,15,14,13,12]	20
274	3	[31,30,29,28,27,26,25,24,23,22,21,20,19,18,17,16,15,14,13,12]	20
273	3	[31,30,29,28,27,26,25,24,23,22,21,20,19,18,17,16,15,14,13,12]	20
272	3	[31,30,29,28,27,26,25,24,23,22,21,20,19,18,17,16,15,14,13,12]	20
271	1	[31,30,29,28,27,26,25,24,23,22,21,20,19,18,17,16,15,14,13,12]	20
270	2	[31,30,29,28,27,26,25,24,23,22,21,20,19,18,17,16,15,14,13,12]	20
269	2	[31,30,29,28,27,26,25,24,23,22,21,20,19,18,17,16,15,14,13,12]	20
268	2	[31,30,29,28,27,26,25,24,23,22,21,20,19,18,17,16,15,14,13,12]	20
267	2	[31,30,29,28,27,26,25,24,23,22,21,20,19,18,17,16,15,14,13,12]	20
266	1	[31,30,29,28,27,26,25,24,23,22,21,20,19,18,17,16,15,14,13,12]	20
265	3	[31,30,29,28,27,26,25,24,23,22,21,20,19,18,17,16,15,14,13,12]	20
264	3	[31,30,29,28,27,26,25,24,23,22,21,20,19,18,17,16,15,14,13,12]	20
263	2	[31,30,29,28,27,26,25,24,23,22,21,20,19,18,17,16,15,14,13,12]	20
262	2	[31,30,29,28,27,26,25,24,23,22,21,20,19,18,17,16,15,14,13,12]	20
261	1	[31,30,29,28,27,26,25,24,23,22,21,20,19,18,17,16,15,14,13,12]	20
260	1	[31,30,29,28,27,26,25,24,23,22,21,20,19,18,17,16,15,14,13,12]	20
259	2	[31,30,29,28,27,26,25,24,23,22,21,20,19,18,17,16,15,14,13,12]	20
258	2	[31,30,29,28,27,26,25,24,23,22,21,20,19,18,17,16,15,14,13,12]	20
257	2	[31,30,29,28,27,26,25,24,23,22,21,20,19,18,17,16,15,14,13,12]	20
256	3	[31,30,29,28,27,26,25,24,23,22,21,20,19,18,17,16,15,14,13,12]	20
255	2	[31,30,29,28,27,26,25,24,23,22,21,20,19,18,17,16,15,14,13,12]	20
254	2	[31,30,29,28,27,26,25,24,23,22,21,20,19,18,17,16,15,14,13,12]	20
253	2	[31,30,29,28,27,26,25,24,23,22,21,20,19,18,17,16,15,14,13,12]	20
252	2	[31,30,29,28,27,26,25,24,23,22,21,20,19,18,17,16,15,14,13,12]	20
251	3	[31,30,29,28,27,26,25,24,23,22,21,20,19,18,17,16,15,14,13,12]	20
250	1	[31,30,29,28,27,26,25,24,23,22,21,20,19,18,17,16,15,14,13,12]	20
249	3	[31,30,29,28,27,26,25,24,23,22,21,20,19,18,17,16,15,14,13,12]	20
248	2	[31,30,29,28,27,26,25,24,23,22,21,20,19,18,17,16,15,14,13,12]	20
247	1	[31,30,29,28,27,26,25,24,23,22,21,20,19,18,17,16,15,14,13,12]	20
246	1	[31,30,29,28,27,26,25,24,23,22,21,20,19,18,17,16,15,14,13,12]	20
245	2	[31,30,29,28,27,26,25,24,23,22,21,20,19,18,17,16,15,14,13,12]	20
244	1	[31,30,29,28,27,26,25,24,23,22,21,20,19,18,17,16,15,14,13,12]	20
243	3	[31,30,29,28,27,26,25,24,23,22,21,20,19,18,17,16,15,14,13,12]	20
242	1	[31,30,29,28,27,26,25,24,23,22,21,20,19,18,17,16,15,14,13,12]	20
241	2	[31,30,29,28,27,26,25,24,23,22,21,20,19,18,17,16,15,14,13,12]	20
240	1	[31,30,29,28,27,26,25,24,23,22,21,20,19,18,17,16,15,14,13,12]	20
239	1	[31,30,29,28,27,26,25,24,23,22,21,20,19,18,17,16,15,14,13,12]	20
238	2	[31,30,29,28,27,26,25,24,23,22,21,20,19,18,17,16,15,14,13,12]	20
237	2	[31,30,29,28,27,26,25,24,23,22,21,20,19,18,17,16,15,14,13,12]	20
236	2	[31,30,29,28,27,26,25,24,23,22,21,20,19,18,17,16,15,14,13,12]	20
235	1	[31,30,29,28,27,26,25,24,23,22,21,20,19,18,17,16,15,14,13,12]	20
234	2	[31,30,29,28,27,26,25,24,23,22,21,20,19,18,17,16,15,14,13,12]	20
233	2	[31,30,29,28,27,26,25,24,23,22,21,20,19,18,17,16,15,14,13,12]	20
232	2	[31,30,29,28,27,26,25,24,23,22,21,20,19,18,17,16,15,14,13,12]	20
231	1	[31,30,29,28,27,26,25,24,23,22,21,20,19,18,17,16,15,14,13,12]	20
230	2	[31,30,29,28,27,26,25,24,23,22,21,20,19,18,17,16,15,14,13,12]	20
229	1	[31,30,29,28,27,26,25,24,23,22,21,20,19,18,17,16,15,14,13,12]	20
228	3	[31,30,29,28,27,26,25,24,23,22,21,20,19,18,17,16,15,14,13,12]	20
227	2	[31,30,29,28,27,26,25,24,23,22,21,20,19,18,17,16,15,14,13,12]	20
226	1	[31,30,29,28,27,26,25,24,23,22,21,20,19,18,17,16,15,14,13,12]	20
225	1	[31,30,29,28,27,26,25,24,23,22,21,20,19,18,17,16,15,14,13,12]	20
224	3	[31,30,29,28,27,26,25,24,23,22,21,20,19,18,17,16,15,14,13,12]	20
223	1	[31,30,29,28,27,26,25,24,23,22,21,20,19,18,17,16,15,14,13,12]	20
222	3	[31,30,29,28,27,26,25,24,23,22,21,20,19,18,17,16,15,14,13,12]	20
221	1	[31,30,29,28,27,26,25,24,23,22,21,20,19,18,17,16,15,14,13,12]	20
220	2	[31,30,29,28,27,26,25,24,23,22,21,20,19,18,17,16,15,14,13,12]	20
219	2	[31,30,29,28,27,26,25,24,23,22,21,20,19,18,17,16,15,14,13,12]	20
218	3	[31,30,29,28,27,26,25,24,23,22,21,20,19,18,17,16,15,14,13,12]	20
217	3	[31,30,29,28,27,26,25,24,23,22,21,20,19,18,17,16,15,14,13,12]	20
216	1	[31,30,29,28,27,26,25,24,23,22,21,20,19,18,17,16,15,14,13,12]	20
215	1	[31,30,29,28,27,26,25,24,23,22,21,20,19,18,17,16,15,14,13,12]	20
214	3	[31,30,29,28,27,26,25,24,23,22,21,20,19,18,17,16,15,14,13,12]	20
213	1	[31,30,29,28,27,26,25,24,23,22,21,20,19,18,17,16,15,14,13,12]	20
212	3	[31,30,29,28,27,26,25,24,23,22,21,20,19,18,17,16,15,14,13,12]	20
211	1	[31,30,29,28,27,26,25,24,23,22,21,20,19,18,17,16,15,14,13,12]	20
210	1	[31,30,29,28,27,26,25,24,23,22,21,20,19,18,17,16,15,14,13,12]	20
209	1	[31,30,29,28,27,26,25,24,23,22,21,20,19,18,17,16,15,14,13,12]	20
208	1	[31,30,29,28,27,26,25,24,23,22,21,20,19,18,17,16,15,14,13,12]	20
207	1	[31,30,29,28,27,26,25,24,23,22,21,20,19,18,17,16,15,14,13,12]	20
206	1	[31,30,29,28,27,26,25,24,23,22,21,20,19,18,17,16,15,14,13,12]	20
205	3	[31,30,29,28,27,26,25,24,23,22,21,20,19,18,17,16,15,14,13,12]	20
204	2	[31,30,29,28,27,26,25,24,23,22,21,20,19,18,17,16,15,14,13,12]	20
203	1	[31,30,29,28,27,26,25,24,23,22,21,20,19,18,17,16,15,14,13,12]	20
202	2	[31,30,29,28,27,26,25,24,23,22,21,20,19,18,17,16,15,14,13,12]	20
201	2	[31,30,29,28,27,26,25,24,23,22,21,20,19,18,17,16,15,14,13,12]	20
200	1	[31,30,29,28,27,26,25,24,23,22,21,20,19,18,17,16,15,14,13,12]	20
199	1	[31,30,29,28,27,26,25,24,23,22,21,20,19,18,17,16,15,14,13,12]	20
198	1	[31,30,29,28,27,26,25,24,23,22,21,20,19,18,17,16,15,14,13,12]	20
197	1	[31,30,29,28,27,26,25,24,23,22,21,20,19,18,17,16,15,14,13,12]	20
196	1	[31,30,29,28,27,26,25,24,23,22,21,20,19,18,17,16,15,14,13,12]	20
195	1	[31,30,29,28,27,26,25,24,23,22,21,20,19,18,17,16,15,14,13,12]	20
194	1	[31,30,29,28,27,26,25,24,23,22,21,20,19,18,17,16,15,14,13,12]	20
193	1	[31,30,29,28,27,26,25,24,23,22,21,20,19,18,17,16,15,14,13,12]	20
192	1	[31,30,29,28,27,26,25,24,23,22,21,20,19,18,17,16,15,14,13,12]	20
191	2	[31,30,29,28,27,26,25,24,23,22,21,20,19,18,17,16,15,14,13,12]	20
190	1	[31,30,29,28,27,26,25,24,23,22,21,20,19,18,17,16,15,14,13,12]	20
189	2	[31,30,29,28,27,26,25,24,23,22,21,20,19,18,17,16,15,14,13,12]	20
188	2	[31,30,29,28,27,26,25,24,23,22,21,20,19,18,17,16,15,14,13,12]	20
187	2	[31,30,29,28,27,26,25,24,23,22,21,20,19,18,17,16,15,14,13,12]	20
186	1	[31,30,29,28,27,26,25,24,23,22,21,20,19,18,17,16,15,14,13,12]	20
185	3	[31,30,29,28,27,26,25,24,23,22,21,20,19,18,17,16,15,14,13,12]	20
184	3	[31,30,29,28,27,26,25,24,23,22,21,20,19,18,17,16,15,14,13,12]	20
183	2	[31,30,29,28,27,26,25,24,23,22,21,20,19,18,17,16,15,14,13,12]	20
182	1	[31,30,29,28,27,26,25,24,23,22,21,20,19,18,17,16,15,14,13,12]	20
181	2	[31,30,29,28,27,26,25,24,23,22,21,20,19,18,17,16,15,14,13,12]	20
180	1	[31,30,29,28,27,26,25,24,23,22,21,20,19,18,17,16,15,14,13,12]	20
179	2	[31,30,29,28,27,26,25,24,23,22,21,20,19,18,17,16,15,14,13,12]	20
178	3	[31,30,29,28,27,26,25,24,23,22,21,20,19,18,17,16,15,14,13,12]	20
177	1	[31,30,29,28,27,26,25,24,23,22,21,20,19,18,17,16,15,14,13,12]	20
176	1	[31,30,29,28,27,26,25,24,23,22,21,20,19,18,17,16,15,14,13,12]	20
175	2	[31,30,29,28,27,26,25,24,23,22,21,20,19,18,17,16,15,14,13,12]	20
174	2	[31,30,29,28,27,26,25,24,23,22,21,20,19,18,17,16,15,14,13,12]	20
173	2	[31,30,29,28,27,26,25,24,23,22,21,20,19,18,17,16,15,14,13,12]	20
172	2	[31,30,29,28,27,26,25,24,23,22,21,20,19,18,17,16,15,14,13,12]	20
171	1	[31,30,29,28,27,26,25,24,23,22,21,20,19,18,17,16,15,14,13,12]	20
170	1	[31,30,29,28,27,26,25,24,23,22,21,20,19,18,17,16,15,14,13,12]	20
169	3	[31,30,29,28,27,26,25,24,23,22,21,20,19,18,17,16,15,14,13,12]	20
168	2	[31,30,29,28,27,26,25,24,23,22,21,20,19,18,17,16,15,14,13,12]	20
167	3	[31,30,29,28,27,26,25,24,23,22,21,20,19,18,17,16,15,14,13,12]	20
166	3	[31,30,29,28,27,26,25,24,23,22,21,20,19,18,17,16,15,14,13,12]	20
165	1	[31,30,29,28,27,26,25,24,23,22,21,20,19,18,17,16,15,14,13,12]	20
164	1	[31,30,29,28,27,26,25,24,23,22,21,20,19,18,17,16,15,14,13,12]	20
163	3	[31,30,29,28,27,26,25,24,23,22,21,20,19,18,17,16,15,14,13,12]	20
162	1	[31,30,29,28,27,26,25,24,23,22,21,20,19,18,17,16,15,14,13,12]	20
161	1	[31,30,29,28,27,26,25,24,23,22,21,20,19,18,17,16,15,14,13,12]	20
160	2	[31,30,29,28,27,26,25,24,23,22,21,20,19,18,17,16,15,14,13,12]	20
159	3	[31,30,29,28,27,26,25,24,23,22,21,20,19,18,17,16,15,14,13,12]	20
158	3	[31,30,29,28,27,26,25,24,23,22,21,20,19,18,17,16,15,14,13,12]	20
157	3	[31,30,29,28,27,26,25,24,23,22,21,20,19,18,17,16,15,14,13,12]	20
156	3	[31,30,29,28,27,26,25,24,23,22,21,20,19,18,17,16,15,14,13,12]	20
155	2	[31,30,29,28,27,26,25,24,23,22,21,20,19,18,17,16,15,14,13,12]	20
154	2	[31,30,29,28,27,26,25,24,23,22,21,20,19,18,17,16,15,14,13,12]	20
153	2	[31,30,29,28,27,26,25,24,23,22,21,20,19,18,17,16,15,14,13,12]	20
152	3	[31,30,29,28,27,26,25,24,23,22,21,20,19,18,17,16,15,14,13,12]	20
151	1	[31,30,29,28,27,26,25,24,23,22,21,20,19,18,17,16,15,14,13,12]	20
150	1	[31,30,29,28,27,26,25,24,23,22,21,20,19,18,17,16,15,14,13,12]	20
149	1	[31,30,29,28,27,26,25,24,23,22,21,20,19,18,17,16,15,14,13,12]	20
148	2	[31,30,29,28,27,26,25,24,23,22,21,20,19,18,17,16,15,14,13,12]	20
147	1	[31,30,29,28,27,26,25,24,23,22,21,20,19,18,17,16,15,14,13,12]	20
146	1	[31,30,29,28,27,26,25,24,23,22,21,20,19,18,17,16,15,14,13,12]	20
145	3	[31,30,29,28,27,26,25,24,23,22,21,20,19,18,17,16,15,14,13,12]	20
144	2	[31,30,29,28,27,26,25,24,23,22,21,20,19,18,17,16,15,14,13,12]	20
143	2	[31,30,29,28,27,26,25,24,23,22,21,20,19,18,17,16,15,14,13,12]	20
142	2	[31,30,29,28,27,26,25,24,23,22,21,20,19,18,17,16,15,14,13,12]	20
141	3	[31,30,29,28,27,26,25,24,23,22,21,20,19,18,17,16,15,14,13,12]	20
140	3	[31,30,29,28,27,26,25,24,23,22,21,20,19,18,17,16,15,14,13,12]	20
139	2	[31,30,29,28,27,26,25,24,23,22,21,20,19,18,17,16,15,14,13,12]	20
138	1	[31,30,29,28,27,26,25,24,23,22,21,20,19,18,17,16,15,14,13,12]	20
137	2	[31,30,29,28,27,26,25,24,23,22,21,20,19,18,17,16,15,14,13,12]	20
136	2	[31,30,29,28,27,26,25,24,23,22,21,20,19,18,17,16,15,14,13,12]	20
135	3	[31,30,29,28,27,26,25,24,23,22,21,20,19,18,17,16,15,14,13,12]	20
134	2	[31,30,29,28,27,26,25,24,23,22,21,20,19,18,17,16,15,14,13,12]	20
133	2	[31,30,29,28,27,26,25,24,23,22,21,20,19,18,17,16,15,14,13,12]	20
132	1	[31,30,29,28,27,26,25,24,23,22,21,20,19,18,17,16,15,14,13,12]	20
131	2	[31,30,29,28,27,26,25,24,23,22,21,20,19,18,17,16,15,14,13,12]	20
130	3	[31,30,29,28,27,26,25,24,23,22,21,20,19,18,17,16,15,14,13,12]	20
129	2	[31,30,29,28,27,26,25,24,23,22,21,20,19,18,17,16,15,14,13,12]	20
128	3	[31,30,29,28,27,26,25,24,23,22,21,20,19,18,17,16,15,14,13,12]	20
127	1	[31,30,29,28,27,26,25,24,23,22,21,20,19,18,17,16,15,14,13,12]	20
126	2	[31,30,29,28,27,26,25,24,23,22,21,20,19,18,17,16,15,14,13,12]	20
125	3	[31,30,29,28,27,26,25,24,23,22,21,20,19,18,17,16,15,14,13,12]	20
124	1	[31,30,29,28,27,26,25,24,23,22,21,20,19,18,17,16,15,14,13,12]	20
123	1	[31,30,29,28,27,26,25,24,23,22,21,20,19,18,17,16,15,14,13,12]	20
122	2	[31,30,29,28,27,26,25,24,23,22,21,20,19,18,17,16,15,14,13,12]	20
121	2	[31,30,29,28,27,26,25,24,23,22,21,20,19,18,17,16,15,14,13,12]	20
120	3	[31,30,29,28,27,26,25,24,23,22,21,20,19,18,17,16,15,14,13,12]	20
119	2	[31,30,29,28,27,26,25,24,23,22,21,20,19,18,17,16,15,14,13,12]	20
118	2	[31,30,29,28,27,26,25,24,23,22,21,20,19,18,17,16,15,14,13,12]	20
117	3	[31,30,29,28,27,26,25,24,23,22,21,20,19,18,17,16,15,14,13,12]	20
116	3	[31,30,29,28,27,26,25,24,23,22,21,20,19,18,17,16,15,14,13,12]	20
115	2	[31,30,29,28,27,26,25,24,23,22,21,20,19,18,17,16,15,14,13,12]	20
114	1	[31,30,29,28,27,26,25,24,23,22,21,20,19,18,17,16,15,14,13,12]	20
113	3	[31,30,29,28,27,26,25,24,23,22,21,20,19,18,17,16,15,14,13,12]	20
112	3	[31,30,29,28,27,26,25,24,23,22,21,20,19,18,17,16,15,14,13,12]	20
111	3	[31,30,29,28,27,26,25,24,23,22,21,20,19,18,17,16,15,14,13,12]	20
110	3	[31,30,29,28,27,26,25,24,23,22,21,20,19,18,17,16,15,14,13,12]	20
109	3	[31,30,29,28,27,26,25,24,23,22,21,20,19,18,17,16,15,14,13,12]	20
108	3	[31,30,29,28,27,26,25,24,23,22,21,20,19,18,17,16,15,14,13,12]	20
107	1	[31,30,29,28,27,26,25,24,23,22,21,20,19,18,17,16,15,14,13,12]	20
106	2	[31,30,29,28,27,26,25,24,23,22,21,20,19,18,17,16,15,14,13,12]	20
105	2	[31,30,29,28,27,26,25,24,23,22,21,20,19,18,17,16,15,14,13,12]	20
104	1	[31,30,29,28,27,26,25,24,23,22,21,20,19,18,17,16,15,14,13,12]	20
103	1	[31,30,29,28,27,26,25,24,23,22,21,20,19,18,17,16,15,14,13,12]	20
102	1	[31,30,29,28,27,26,25,24,23,22,21,20,19,18,17,16,15,14,13,12]	20
101	1	[31,30,29,28,27,26,25,24,23,22,21,20,19,18,17,16,15,14,13,12]	20
100	3	[31,30,29,28,27,26,25,24,23,22,21,20,19,18,17,16,15,14,13,12]	20
99	2	[31,30,29,28,27,26,25,24,23,22,21,20,19,18,17,16,15,14,13,12]	20
98	1	[31,30,29,28,27,26,25,24,23,22,21,20,19,18,17,16,15,14,13,12]	20
97	3	[31,30,29,28,27,26,25,24,23,22,21,20,19,18,17,16,15,14,13,12]	20
96	3	[31,30,29,28,27,26,25,24,23,22,21,20,19,18,17,16,15,14,13,12]	20
95	1	[31,30,29,28,27,26,25,24,23,22,21,20,19,18,17,16,15,14,13,12]	20
94	1	[31,30,29,28,27,26,25,24,23,22,21,20,19,18,17,16,15,14,13,12]	20
93	3	[31,30,29,28,27,26,25,24,23,22,21,20,19,18,17,16,15,14,13,12]	20
92	2	[31,30,29,28,27,26,25,24,23,22,21,20,19,18,17,16,15,14,13,12]	20
91	3	[31,30,29,28,27,26,25,24,23,22,21,20,19,18,17,16,15,14,13,12]	20
90	3	[31,30,29,28,27,26,25,24,23,22,21,20,19,18,17,16,15,14,13,12]	20
89	3	[31,30,29,28,27,26,25,24,23,22,21,20,19,18,17,16,15,14,13,12]	20
88	2	[31,30,29,28,27,26,25,24,23,22,21,20,19,18,17,16,15,14,13,12]	20
87	3	[31,30,29,28,27,26,25,24,23,22,21,20,19,18,17,16,15,14,13,12]	20
86	1	[31,30,29,28,27,26,25,24,23,22,21,20,19,18,17,16,15,14,13,12]	20
85	1	[31,30,29,28,27,26,25,24,23,22,21,20,19,18,17,16,15,14,13,12]	20
84	2	[31,30,29,28,27,26,25,24,23,22,21,20,19,18,17,16,15,14,13,12]	20
83	1	[31,30,29,28,27,26,25,24,23,22,21,20,19,18,17,16,15,14,13,12]	20
82	3	[31,30,29,28,27,26,25,24,23,22,21,20,19,18,17,16,15,14,13,12]	20
81	2	[31,30,29,28,27,26,25,24,23,22,21,20,19,18,17,16,15,14,13,12]	20
80	1	[31,30,29,28,27,26,25,24,23,22,21,20,19,18,17,16,15,14,13,12]	20
79	2	[31,30,29,28,27,26,25,24,23,22,21,20,19,18,17,16,15,14,13,12]	20
78	3	[31,30,29,28,27,26,25,24,23,22,21,20,19,18,17,16,15,14,13,12]	20
77	2	[31,30,29,28,27,26,25,24,23,22,21,20,19,18,17,16,15,14,13,12]	20
76	1	[31,30,29,28,27,26,25,24,23,22,21,20,19,18,17,16,15,14,13,12]	20
75	3	[31,30,29,28,27,26,25,24,23,22,21,20,19,18,17,16,15,14,13,12]	20
74	1	[31,30,29,28,27,26,25,24,23,22,21,20,19,18,17,16,15,14,13,12]	20
73	3	[31,30,29,28,27,26,25,24,23,22,21,20,19,18,17,16,15,14,13,12]	20
72	1	[31,30,29,28,27,26,25,24,23,22,21,20,19,18,17,16,15,14,13,12]	20
71	2	[31,30,29,28,27,26,25,24,23,22,21,20,19,18,17,16,15,14,13,12]	20
70	2	[31,30,29,28,27,26,25,24,23,22,21,20,19,18,17,16,15,14,13,12]	20
69	2	[31,30,29,28,27,26,25,24,23,22,21,20,19,18,17,16,15,14,13,12]	20
68	1	[31,30,29,28,27,26,25,24,23,22,21,20,19,18,17,16,15,14,13,12]	20
67	1	[31,30,29,28,27,26,25,24,23,22,21,20,19,18,17,16,15,14,13,12]	20
66	2	[31,30,29,28,27,26,25,24,23,22,21,20,19,18,17,16,15,14,13,12]	20
65	3	[31,30,29,28,27,26,25,24,23,22,21,20,19,18,17,16,15,14,13,12]	20
64	1	[31,30,29,28,27,26,25,24,23,22,21,20,19,18,17,16,15,14,13,12]	20
63	3	[31,30,29,28,27,26,25,24,23,22,21,20,19,18,17,16,15,14,13,12]	20
62	2	[31,30,29,28,27,26,25,24,23,22,21,20,19,18,17,16,15,14,13,12]	20
61	1	[31,30,29,28,27,26,25,24,23,22,21,20,19,18,17,16,15,14,13,12]	20
60	3	[31,30,29,28,27,26,25,24,23,22,21,20,19,18,17,16,15,14,13,12]	20
59	3	[31,30,29,28,27,26,25,24,23,22,21,20,19,18,17,16,15,14,13,12]	20
58	1	[31,30,29,28,27,26,25,24,23,22,21,20,19,18,17,16,15,14,13,12]	20
57	2	[31,30,29,28,27,26,25,24,23,22,21,20,19,18,17,16,15,14,13,12]	20
56	1	[31,30,29,28,27,26,25,24,23,22,21,20,19,18,17,16,15,14,13,12]	20
55	3	[31,30,29,28,27,26,25,24,23,22,21,20,19,18,17,16,15,14,13,12]	20
54	2	[31,30,29,28,27,26,25,24,23,22,21,20,19,18,17,16,15,14,13,12]	20
53	2	[31,30,29,28,27,26,25,24,23,22,21,20,19,18,17,16,15,14,13,12]	20
52	1	[31,30,29,28,27,26,25,24,23,22,21,20,19,18,17,16,15,14,13,12]	20
51	1	[31,30,29,28,27,26,25,24,23,22,21,20,19,18,17,16,15,14,13,12]	20
50	2	[31,30,29,28,27,26,25,24,23,22,21,20,19,18,17,16,15,14,13,12]	20
49	1	[31,30,29,28,27,26,25,24,23,22,21,20,19,18,17,16,15,14,13,12]	20
48	2	[31,30,29,28,27,26,25,24,23,22,21,20,19,18,17,16,15,14,13,12]	20
47	1	[31,30,29,28,27,26,25,24,23,22,21,20,19,18,17,16,15,14,13,12]	20
46	2	[31,30,29,28,27,26,25,24,23,22,21,20,19,18,17,16,15,14,13,12]	20
45	3	[31,30,29,28,27,26,25,24,23,22,21,20,19,18,17,16,15,14,13,12]	20
44	2	[31,30,29,28,27,26,25,24,23,22,21,20,19,18,17,16,15,14,13,12]	20
43	2	[31,30,29,28,27,26,25,24,23,22,21,20,19,18,17,16,15,14,13,12]	20
42	3	[31,30,29,28,27,26,25,24,23,22,21,20,19,18,17,16,15,14,13,12]	20
41	2	[31,30,29,28,27,26,25,24,23,22,21,20,19,18,17,16,15,14,13,12]	20
40	1	[31,30,29,28,27,26,25,24,23,22,21,20,19,18,17,16,15,14,13,12]	20
39	3	[31,30,29,28,27,26,25,24,23,22,21,20,19,18,17,16,15,14,13,12]	20
38	1	[31,30,29,28,27,26,25,24,23,22,21,20,19,18,17,16,15,14,13,12]	20
37	3	[31,30,29,28,27,26,25,24,23,22,21,20,19,18,17,16,15,14,13,12]	20
36	1	[31,30,29,28,27,26,25,24,23,22,21,20,19,18,17,16,15,14,13,12]	20
35	2	[31,30,29,28,27,26,25,24,23,22,21,20,19,18,17,16,15,14,13,12]	20
34	1	[31,30,29,28,27,26,25,24,23,22,21,20,19,18,17,16,15,14,13,12]	20
33	3	[31,30,29,28,27,26,25,24,23,22,21,20,19,18,17,16,15,14,13,12]	20
32	1	[31,30,29,28,27,26,25,24,23,22,21,20,19,18,17,16,15,14,13,12]	20
31	3	[31,30,29,28,27,26,25,24,23,22,21,20,19,18,17,16,15,14,13,12]	20
30	2	[31,30,29,28,27,26,25,24,23,22,21,20,19,18,17,16,15,14,13,12]	20
29	3	[31,30,29,28,27,26,25,24,23,22,21,20,19,18,17,16,15,14,13,12]	20
28	3	[31,30,29,28,27,26,25,24,23,22,21,20,19,18,17,16,15,14,13,12]	20
27	3	[31,30,29,28,27,26,25,24,23,22,21,20,19,18,17,16,15,14,13,12]	20
26	1	[31,30,29,28,27,26,25,24,23,22,21,20,19,18,17,16,15,14,13,12]	20
25	3	[31,30,29,28,27,26,25,24,23,22,21,20,19,18,17,16,15,14,13,12]	20
24	1	[31,30,29,28,27,26,25,24,23,22,21,20,19,18,17,16,15,14,13,12]	20
23	1	[31,30,29,28,27,26,25,24,23,22,21,20,19,18,17,16,15,14,13,12]	20
22	2	[31,30,29,28,27,26,25,24,23,22,21,20,19,18,17,16,15,14,13,12]	20
21	3	[31,30,29,28,27,26,25,24,23,22,21,20,19,18,17,16,15,14,13,12]	20
20	3	[31,30,29,28,27,26,25,24,23,22,21,20,19,18,17,16,15,14,13,12]	20
19	2	[31,30,29,28,27,26,25,24,23,22,21,20,19,18,17,16,15,14,13,12]	20
18	1	[31,30,29,28,27,26,25,24,23,22,21,20,19,18,17,16,15,14,13,12]	20
17	3	[31,30,29,28,27,26,25,24,23,22,21,20,19,18,17,16,15,14,13,12]	20
16	3	[31,30,29,28,27,26,25,24,23,22,21,20,19,18,17,16,15,14,13,12]	20
15	2	[31,30,29,28,27,26,25,24,23,22,21,20,19,18,17,16,15,14,13,12]	20
14	3	[31,30,29,28,27,26,25,24,23,22,21,20,19,18,17,16,15,14,13,12]	20
13	1	[31,30,29,28,27,26,25,24,23,22,21,20,19,18,17,16,15,14,13,12]	20
12	3	[31,30,29,28,27,26,25,24,23,22,21,20,19,18,17,16,15,14,13,12]	20
11	2	[31,30,29,28,27,26,25,24,23,22,21,20,19,18,17,16,15,14,13,12]	20
10	1	[31,30,29,28,27,26,25,24,23,22,21,20,19,18,17,16,15,14,13,12]	20
9	2	[31,30,29,28,27,26,25,24,23,22,21,20,19,18,17,16,15,14,13,12]	20
8	2	[31,30,29,28,27,26,25,24,23,22,21,20,19,18,17,16,15,14,13,12]	20
7	3	[31,30,29,28,27,26,25,24,23,22,21,20,19,18,17,16,15,14,13,12]	20
6	1	[31,30,29,28,27,26,25,24,23,22,21,20,19,18,17,16,15,14,13,12]	20
5	1	[31,30,29,28,27,26,25,24,23,22,21,20,19,18,17,16,15,14,13,12]	20
4	2	[31,30,29,28,27,26,25,24,23,22,21,20,19,18,17,16,15,14,13,12]	20
3	3	[31,30,29,28,27,26,25,24,23,22,21,20,19,18,17,16,15,14,13,12]	20
2	1	[31,30,29,28,27,26,25,24,23,22,21,20,19,18,17,16,15,14,13,12]	20
1	2	[31,30,29,28,27,26,25,24,23,22,21,20,19,18,17,16,15,14,13,12]	20
