id	level	初级巽风灵符	提高韧性1%	class	resist_type	duration	effect_interval	addition_threat	effectlist	effect_argument	deadcancel	can_active_cancel

100000000	1	打坐buff	修灵状态下每10秒可获得少量的经验和灵力	5	6	-1	10000	0	[sitdown_effect]	[0]	[1]	0
100000011	1	体验VIP	VIP体验：1.免费小飞鞋40次。2.开放随身仓库，可随时存取物品。3.开放随身商店，可随时买卖和修理。4.挂机中可自动修理装备。	0	6	3600000	0	0	[]	[]	[]	0
100000019	8	坐骑加速	骑乘状态下移动速度+15%	1	6	-1	0	0	[movespeed]	[80]	[]	0
100000019	7	坐骑加速	骑乘状态下移动速度+30%	1	6	-1	0	0	[movespeed]	[70]	[]	0
100000019	6	坐骑加速	骑乘状态下移动速度+40%	1	6	-1	0	0	[movespeed]	[65]	[]	0
100000019	5	坐骑加速	骑乘状态下移动速度+50%	1	6	-1	0	0	[movespeed]	[60]	[]	0
100000019	4	坐骑加速	骑乘状态下移动速度+60%	1	6	-1	0	0	[movespeed]	[50]	[]	0
100000019	3	坐骑加速	骑乘状态下移动速度+65%	1	6	-1	0	0	[movespeed]	[40]	[]	0
100000019	2	坐骑加速	骑乘状态下移动速度+70%	1	6	-1	0	0	[movespeed]	[30]	[]	0
100000019	1	坐骑加速	骑乘状态下移动速度+80%	1	6	-1	0	0	[movespeed]	[15]	[]	0
200000000	1	打坐buff	修灵状态下每10秒可获得1.5倍的经验和灵力	5	6	-1	10000	0	[sitdown_effect]	[0]	[1]	0
200000100	1	近防丹	近防+2%，持续30分钟	0	6	1800000	0	0	[meleedefense_percent]	[2]	[]	1
200000200	1	远防丹	远防+2%，持续30分钟	0	6	1800000	0	0	[rangedefense_percent]	[2]	[]	1
200000300	1	魔防丹	魔防+2%，持续30分钟	0	6	1800000	0	0	[magicdefense_percent]	[2]	[]	1
200000400	3	初级攻击丹	攻击+3%，持续30分钟	0	6	1800000	0	0	[rangepower_percent,magicpower_percent,meleepower_percent]	[7,7,7]	[]	1
200000400	2	中级攻击丹	攻击+5%，持续30分钟	0	6	1800000	0	0	[rangepower_percent,magicpower_percent,meleepower_percent]	[5,5,5]	[]	1
200000400	1	高级攻击丹	攻击+7%，持续30分钟	0	6	1800000	0	0	[rangepower_percent,magicpower_percent,meleepower_percent]	[3,3,3]	[]	1
200000500	3	初级防御丹	防御+3%，持续30分钟	0	6	1800000	0	0	[magicdefense_percent,rangedefense_percent,meleedefense_percent]	[7,7,7]	[]	1
200000500	2	中级防御丹	防御+5%，持续30分钟	0	6	1800000	0	0	[magicdefense_percent,rangedefense_percent,meleedefense_percent]	[5,5,5]	[]	1
200000500	1	高级防御丹	防御+7%，持续30分钟	0	6	1800000	0	0	[magicdefense_percent,rangedefense_percent,meleedefense_percent]	[3,3,3]	[]	1
200000600	3	初级生命丹	生命+3%，持续30分钟	0	6	1800000	0	0	[hpmax_percent]	[7,7,7]	[]	1
200000600	2	中级生命丹	生命+5%，持续30分钟	0	6	1800000	0	0	[hpmax_percent]	[5,5,5]	[]	1
200000600	1	高级生命丹	生命+7%，持续30分钟	0	6	1800000	0	0	[hpmax_percent]	[3,3,3]	[]	1
300000000	1	打坐buff	修灵状态下每10秒可获得2倍的经验和灵力	5	6	-1	10000	0	[sitdown_effect]	[0]	[1]	0
500000001	1	红色麒麟	加入了红色麒麟阵营(变身状态无法使用技能和坐骑）	0	2	300000	0	0	[displayid]	[410000301]	[]	0
500000002	1	紫色麒麟	加入了紫色麒麟阵营(变身状态无法使用技能和坐骑）	0	2	300000	0	0	[displayid]	[410000302]	[]	0
500000003	1	温泉男	温泉泡澡状态下可以获得经验及灵力。当前状态无法召唤坐骑。	0	6	-1	5000	0	[spa_effect,displayid]	[0,410000303]	[]	0
500000004	1	温泉女	温泉泡澡状态下可以获得经验及灵力。当前状态无法召唤坐骑。	0	6	-1	5000	0	[spa_effect,displayid]	[0,410000304]	[]	0
500000005	1	帮会聚灵buff	吸收帮会驻地灵气，持续获得大量经验和灵力。	0	6	-1	10000	0	[bonfire_effect]	[0]	[]	0
510000003	10	腐蚀术	每秒减少20点生命	0	4	6000	1000	0	[hpeffect]	[-200]	[1]	0
510000003	9	腐蚀术	每秒减少40点生命	0	4	6000	1000	0	[hpeffect]	[-180]	[1]	0
510000003	8	腐蚀术	每秒减少60点生命	0	4	6000	1000	0	[hpeffect]	[-160]	[1]	0
510000003	7	腐蚀术	每秒减少80点生命	0	4	6000	1000	0	[hpeffect]	[-140]	[1]	0
510000003	6	腐蚀术	每秒减少100点生命	0	4	6000	1000	0	[hpeffect]	[-120]	[1]	0
510000003	5	腐蚀术	每秒减少120点生命	0	4	6000	1000	0	[hpeffect]	[-100]	[1]	0
510000003	4	腐蚀术	每秒减少140点生命	0	4	6000	1000	0	[hpeffect]	[-80]	[1]	0
510000003	3	腐蚀术	每秒减少160点生命	0	4	6000	1000	0	[hpeffect]	[-60]	[1]	0
510000003	2	腐蚀术	每秒减少180点生命	0	4	6000	1000	0	[hpeffect]	[-40]	[1]	0
510000003	1	腐蚀术	每秒减少200点生命	0	4	6000	1000	0	[hpeffect]	[-20]	[1]	0
510000004	10	群星术	沉默状态，无法使用技能	0	2	6000	0	0	[]	[]	[1]	0
510000004	9	群星术	沉默状态，无法使用技能	0	2	5600	0	0	[]	[]	[1]	0
510000004	8	群星术	沉默状态，无法使用技能	0	2	5200	0	0	[]	[]	[1]	0
510000004	7	群星术	沉默状态，无法使用技能	0	2	4800	0	0	[]	[]	[1]	0
510000004	6	群星术	沉默状态，无法使用技能	0	2	4400	0	0	[]	[]	[1]	0
510000004	5	群星术	沉默状态，无法使用技能	0	2	4000	0	0	[]	[]	[1]	0
510000004	4	群星术	沉默状态，无法使用技能	0	2	3600	0	0	[]	[]	[1]	0
510000004	3	群星术	沉默状态，无法使用技能	0	2	3200	0	0	[]	[]	[1]	0
510000004	2	群星术	沉默状态，无法使用技能	0	2	2800	0	0	[]	[]	[1]	0
510000004	1	群星术	沉默状态，无法使用技能	0	2	2400	0	0	[]	[]	[1]	0
510000005	10	治疗术	治疗术	2	6	0	0	0	[hpeffect_percent]	[47]	[1]	0
510000005	9	治疗术	治疗术	2	6	0	0	0	[hpeffect_percent]	[44]	[1]	0
510000005	8	治疗术	治疗术	2	6	0	0	0	[hpeffect_percent]	[41]	[1]	0
510000005	7	治疗术	治疗术	2	6	0	0	0	[hpeffect_percent]	[38]	[1]	0
510000005	6	治疗术	治疗术	2	6	0	0	0	[hpeffect_percent]	[35]	[1]	0
510000005	5	治疗术	治疗术	2	6	0	0	0	[hpeffect_percent]	[32]	[1]	0
510000005	4	治疗术	治疗术	2	6	0	0	0	[hpeffect_percent]	[29]	[1]	0
510000005	3	治疗术	治疗术	2	6	0	0	0	[hpeffect_percent]	[26]	[1]	0
510000005	2	治疗术	治疗术	2	6	0	0	0	[hpeffect_percent]	[23]	[1]	0
510000005	1	治疗术	治疗术	2	6	0	0	0	[hpeffect_percent]	[20]	[1]	0
510000006	10	定心决	定心决	2	6	0	0	0	[hpeffect_percent]	[28]	[1]	0
510000006	9	定心决	定心决	2	6	0	0	0	[hpeffect_percent]	[26]	[1]	0
510000006	8	定心决	定心决	2	6	0	0	0	[hpeffect_percent]	[24]	[1]	0
510000006	7	定心决	定心决	2	6	0	0	0	[hpeffect_percent]	[22]	[1]	0
510000006	6	定心决	定心决	2	6	0	0	0	[hpeffect_percent]	[20]	[1]	0
510000006	5	定心决	定心决	2	6	0	0	0	[hpeffect_percent]	[18]	[1]	0
510000006	4	定心决	定心决	2	6	0	0	0	[hpeffect_percent]	[16]	[1]	0
510000006	3	定心决	定心决	2	6	0	0	0	[hpeffect_percent]	[14]	[1]	0
510000006	2	定心决	定心决	2	6	0	0	0	[hpeffect_percent]	[12]	[1]	0
510000006	1	定心决	定心决	2	6	0	0	0	[hpeffect_percent]	[10]	[1]	0
511110001	50	攻击加强	攻击加强	0	6	0	0	0	[magicpower,rangepower,meleepower]	[450,450,450]	[]	0
511110001	49	攻击加强	攻击加强	0	6	0	0	0	[magicpower,rangepower,meleepower]	[441,441,441]	[]	0
511110001	48	攻击加强	攻击加强	0	6	0	0	0	[magicpower,rangepower,meleepower]	[432,432,432]	[]	0
511110001	47	攻击加强	攻击加强	0	6	0	0	0	[magicpower,rangepower,meleepower]	[423,423,423]	[]	0
511110001	46	攻击加强	攻击加强	0	6	0	0	0	[magicpower,rangepower,meleepower]	[414,414,414]	[]	0
511110001	45	攻击加强	攻击加强	0	6	0	0	0	[magicpower,rangepower,meleepower]	[405,405,405]	[]	0
511110001	44	攻击加强	攻击加强	0	6	0	0	0	[magicpower,rangepower,meleepower]	[396,396,396]	[]	0
511110001	43	攻击加强	攻击加强	0	6	0	0	0	[magicpower,rangepower,meleepower]	[387,387,387]	[]	0
511110001	42	攻击加强	攻击加强	0	6	0	0	0	[magicpower,rangepower,meleepower]	[378,378,378]	[]	0
511110001	41	攻击加强	攻击加强	0	6	0	0	0	[magicpower,rangepower,meleepower]	[369,369,369]	[]	0
511110001	40	攻击加强	攻击加强	0	6	0	0	0	[magicpower,rangepower,meleepower]	[360,360,360]	[]	0
511110001	39	攻击加强	攻击加强	0	6	0	0	0	[magicpower,rangepower,meleepower]	[351,351,351]	[]	0
511110001	38	攻击加强	攻击加强	0	6	0	0	0	[magicpower,rangepower,meleepower]	[342,342,342]	[]	0
511110001	37	攻击加强	攻击加强	0	6	0	0	0	[magicpower,rangepower,meleepower]	[333,333,333]	[]	0
511110001	36	攻击加强	攻击加强	0	6	0	0	0	[magicpower,rangepower,meleepower]	[324,324,324]	[]	0
511110001	35	攻击加强	攻击加强	0	6	0	0	0	[magicpower,rangepower,meleepower]	[315,315,315]	[]	0
511110001	34	攻击加强	攻击加强	0	6	0	0	0	[magicpower,rangepower,meleepower]	[306,306,306]	[]	0
511110001	33	攻击加强	攻击加强	0	6	0	0	0	[magicpower,rangepower,meleepower]	[297,297,297]	[]	0
511110001	32	攻击加强	攻击加强	0	6	0	0	0	[magicpower,rangepower,meleepower]	[288,288,288]	[]	0
511110001	31	攻击加强	攻击加强	0	6	0	0	0	[magicpower,rangepower,meleepower]	[279,279,279]	[]	0
511110001	30	攻击加强	攻击加强	0	6	0	0	0	[magicpower,rangepower,meleepower]	[270,270,270]	[]	0
511110001	29	攻击加强	攻击加强	0	6	0	0	0	[magicpower,rangepower,meleepower]	[261,261,261]	[]	0
511110001	28	攻击加强	攻击加强	0	6	0	0	0	[magicpower,rangepower,meleepower]	[252,252,252]	[]	0
511110001	27	攻击加强	攻击加强	0	6	0	0	0	[magicpower,rangepower,meleepower]	[243,243,243]	[]	0
511110001	26	攻击加强	攻击加强	0	6	0	0	0	[magicpower,rangepower,meleepower]	[234,234,234]	[]	0
511110001	25	攻击加强	攻击加强	0	6	0	0	0	[magicpower,rangepower,meleepower]	[225,225,225]	[]	0
511110001	24	攻击加强	攻击加强	0	6	0	0	0	[magicpower,rangepower,meleepower]	[216,216,216]	[]	0
511110001	23	攻击加强	攻击加强	0	6	0	0	0	[magicpower,rangepower,meleepower]	[207,207,207]	[]	0
511110001	22	攻击加强	攻击加强	0	6	0	0	0	[magicpower,rangepower,meleepower]	[198,198,198]	[]	0
511110001	21	攻击加强	攻击加强	0	6	0	0	0	[magicpower,rangepower,meleepower]	[189,189,189]	[]	0
511110001	20	攻击加强	攻击加强	0	6	0	0	0	[magicpower,rangepower,meleepower]	[180,180,180]	[]	0
511110001	19	攻击加强	攻击加强	0	6	0	0	0	[magicpower,rangepower,meleepower]	[171,171,171]	[]	0
511110001	18	攻击加强	攻击加强	0	6	0	0	0	[magicpower,rangepower,meleepower]	[162,162,162]	[]	0
511110001	17	攻击加强	攻击加强	0	6	0	0	0	[magicpower,rangepower,meleepower]	[153,153,153]	[]	0
511110001	16	攻击加强	攻击加强	0	6	0	0	0	[magicpower,rangepower,meleepower]	[144,144,144]	[]	0
511110001	15	攻击加强	攻击加强	0	6	0	0	0	[magicpower,rangepower,meleepower]	[135,135,135]	[]	0
511110001	14	攻击加强	攻击加强	0	6	0	0	0	[magicpower,rangepower,meleepower]	[126,126,126]	[]	0
511110001	13	攻击加强	攻击加强	0	6	0	0	0	[magicpower,rangepower,meleepower]	[117,117,117]	[]	0
511110001	12	攻击加强	攻击加强	0	6	0	0	0	[magicpower,rangepower,meleepower]	[108,108,108]	[]	0
511110001	11	攻击加强	攻击加强	0	6	0	0	0	[magicpower,rangepower,meleepower]	[99,99,99]	[]	0
511110001	10	攻击加强	攻击加强	0	6	0	0	0	[magicpower,rangepower,meleepower]	[90,90,90]	[]	0
511110001	9	攻击加强	攻击加强	0	6	0	0	0	[magicpower,rangepower,meleepower]	[81,81,81]	[]	0
511110001	8	攻击加强	攻击加强	0	6	0	0	0	[magicpower,rangepower,meleepower]	[72,72,72]	[]	0
511110001	7	攻击加强	攻击加强	0	6	0	0	0	[magicpower,rangepower,meleepower]	[63,63,63]	[]	0
511110001	6	攻击加强	攻击加强	0	6	0	0	0	[magicpower,rangepower,meleepower]	[54,54,54]	[]	0
511110001	5	攻击加强	攻击加强	0	6	0	0	0	[magicpower,rangepower,meleepower]	[45,45,45]	[]	0
511110001	4	攻击加强	攻击加强	0	6	0	0	0	[magicpower,rangepower,meleepower]	[36,36,36]	[]	0
511110001	3	攻击加强	攻击加强	0	6	0	0	0	[magicpower,rangepower,meleepower]	[27,27,27]	[]	0
511110001	2	攻击加强	攻击加强	0	6	0	0	0	[magicpower,rangepower,meleepower]	[18,18,18]	[]	0
511110001	1	攻击加强	攻击加强	0	6	0	0	0	[magicpower,rangepower,meleepower]	[9,9,9]	[]	0
511110002	50	生命加强	生命加强	0	6	0	0	0	[hpmax]	[1750]	[]	0
511110002	49	生命加强	生命加强	0	6	0	0	0	[hpmax]	[1715]	[]	0
511110002	48	生命加强	生命加强	0	6	0	0	0	[hpmax]	[1680]	[]	0
511110002	47	生命加强	生命加强	0	6	0	0	0	[hpmax]	[1645]	[]	0
511110002	46	生命加强	生命加强	0	6	0	0	0	[hpmax]	[1610]	[]	0
511110002	45	生命加强	生命加强	0	6	0	0	0	[hpmax]	[1575]	[]	0
511110002	44	生命加强	生命加强	0	6	0	0	0	[hpmax]	[1540]	[]	0
511110002	43	生命加强	生命加强	0	6	0	0	0	[hpmax]	[1505]	[]	0
511110002	42	生命加强	生命加强	0	6	0	0	0	[hpmax]	[1470]	[]	0
511110002	41	生命加强	生命加强	0	6	0	0	0	[hpmax]	[1435]	[]	0
511110002	40	生命加强	生命加强	0	6	0	0	0	[hpmax]	[1400]	[]	0
511110002	39	生命加强	生命加强	0	6	0	0	0	[hpmax]	[1365]	[]	0
511110002	38	生命加强	生命加强	0	6	0	0	0	[hpmax]	[1330]	[]	0
511110002	37	生命加强	生命加强	0	6	0	0	0	[hpmax]	[1295]	[]	0
511110002	36	生命加强	生命加强	0	6	0	0	0	[hpmax]	[1260]	[]	0
511110002	35	生命加强	生命加强	0	6	0	0	0	[hpmax]	[1225]	[]	0
511110002	34	生命加强	生命加强	0	6	0	0	0	[hpmax]	[1190]	[]	0
511110002	33	生命加强	生命加强	0	6	0	0	0	[hpmax]	[1155]	[]	0
511110002	32	生命加强	生命加强	0	6	0	0	0	[hpmax]	[1120]	[]	0
511110002	31	生命加强	生命加强	0	6	0	0	0	[hpmax]	[1085]	[]	0
511110002	30	生命加强	生命加强	0	6	0	0	0	[hpmax]	[1050]	[]	0
511110002	29	生命加强	生命加强	0	6	0	0	0	[hpmax]	[1015]	[]	0
511110002	28	生命加强	生命加强	0	6	0	0	0	[hpmax]	[980]	[]	0
511110002	27	生命加强	生命加强	0	6	0	0	0	[hpmax]	[945]	[]	0
511110002	26	生命加强	生命加强	0	6	0	0	0	[hpmax]	[910]	[]	0
511110002	25	生命加强	生命加强	0	6	0	0	0	[hpmax]	[875]	[]	0
511110002	24	生命加强	生命加强	0	6	0	0	0	[hpmax]	[840]	[]	0
511110002	23	生命加强	生命加强	0	6	0	0	0	[hpmax]	[805]	[]	0
511110002	22	生命加强	生命加强	0	6	0	0	0	[hpmax]	[770]	[]	0
511110002	21	生命加强	生命加强	0	6	0	0	0	[hpmax]	[735]	[]	0
511110002	20	生命加强	生命加强	0	6	0	0	0	[hpmax]	[700]	[]	0
511110002	19	生命加强	生命加强	0	6	0	0	0	[hpmax]	[665]	[]	0
511110002	18	生命加强	生命加强	0	6	0	0	0	[hpmax]	[630]	[]	0
511110002	17	生命加强	生命加强	0	6	0	0	0	[hpmax]	[595]	[]	0
511110002	16	生命加强	生命加强	0	6	0	0	0	[hpmax]	[560]	[]	0
511110002	15	生命加强	生命加强	0	6	0	0	0	[hpmax]	[525]	[]	0
511110002	14	生命加强	生命加强	0	6	0	0	0	[hpmax]	[490]	[]	0
511110002	13	生命加强	生命加强	0	6	0	0	0	[hpmax]	[455]	[]	0
511110002	12	生命加强	生命加强	0	6	0	0	0	[hpmax]	[420]	[]	0
511110002	11	生命加强	生命加强	0	6	0	0	0	[hpmax]	[385]	[]	0
511110002	10	生命加强	生命加强	0	6	0	0	0	[hpmax]	[350]	[]	0
511110002	9	生命加强	生命加强	0	6	0	0	0	[hpmax]	[315]	[]	0
511110002	8	生命加强	生命加强	0	6	0	0	0	[hpmax]	[280]	[]	0
511110002	7	生命加强	生命加强	0	6	0	0	0	[hpmax]	[245]	[]	0
511110002	6	生命加强	生命加强	0	6	0	0	0	[hpmax]	[210]	[]	0
511110002	5	生命加强	生命加强	0	6	0	0	0	[hpmax]	[175]	[]	0
511110002	4	生命加强	生命加强	0	6	0	0	0	[hpmax]	[140]	[]	0
511110002	3	生命加强	生命加强	0	6	0	0	0	[hpmax]	[105]	[]	0
511110002	2	生命加强	生命加强	0	6	0	0	0	[hpmax]	[70]	[]	0
511110002	1	生命加强	生命加强	0	6	0	0	0	[hpmax]	[35]	[]	0
511110003	50	近防加强	近防加强	0	6	0	0	0	[meleedefense]	[400]	[]	0
511110003	49	近防加强	近防加强	0	6	0	0	0	[meleedefense]	[392]	[]	0
511110003	48	近防加强	近防加强	0	6	0	0	0	[meleedefense]	[384]	[]	0
511110003	47	近防加强	近防加强	0	6	0	0	0	[meleedefense]	[376]	[]	0
511110003	46	近防加强	近防加强	0	6	0	0	0	[meleedefense]	[368]	[]	0
511110003	45	近防加强	近防加强	0	6	0	0	0	[meleedefense]	[360]	[]	0
511110003	44	近防加强	近防加强	0	6	0	0	0	[meleedefense]	[352]	[]	0
511110003	43	近防加强	近防加强	0	6	0	0	0	[meleedefense]	[344]	[]	0
511110003	42	近防加强	近防加强	0	6	0	0	0	[meleedefense]	[336]	[]	0
511110003	41	近防加强	近防加强	0	6	0	0	0	[meleedefense]	[328]	[]	0
511110003	40	近防加强	近防加强	0	6	0	0	0	[meleedefense]	[320]	[]	0
511110003	39	近防加强	近防加强	0	6	0	0	0	[meleedefense]	[312]	[]	0
511110003	38	近防加强	近防加强	0	6	0	0	0	[meleedefense]	[304]	[]	0
511110003	37	近防加强	近防加强	0	6	0	0	0	[meleedefense]	[296]	[]	0
511110003	36	近防加强	近防加强	0	6	0	0	0	[meleedefense]	[288]	[]	0
511110003	35	近防加强	近防加强	0	6	0	0	0	[meleedefense]	[280]	[]	0
511110003	34	近防加强	近防加强	0	6	0	0	0	[meleedefense]	[272]	[]	0
511110003	33	近防加强	近防加强	0	6	0	0	0	[meleedefense]	[264]	[]	0
511110003	32	近防加强	近防加强	0	6	0	0	0	[meleedefense]	[256]	[]	0
511110003	31	近防加强	近防加强	0	6	0	0	0	[meleedefense]	[248]	[]	0
511110003	30	近防加强	近防加强	0	6	0	0	0	[meleedefense]	[240]	[]	0
511110003	29	近防加强	近防加强	0	6	0	0	0	[meleedefense]	[232]	[]	0
511110003	28	近防加强	近防加强	0	6	0	0	0	[meleedefense]	[224]	[]	0
511110003	27	近防加强	近防加强	0	6	0	0	0	[meleedefense]	[216]	[]	0
511110003	26	近防加强	近防加强	0	6	0	0	0	[meleedefense]	[208]	[]	0
511110003	25	近防加强	近防加强	0	6	0	0	0	[meleedefense]	[200]	[]	0
511110003	24	近防加强	近防加强	0	6	0	0	0	[meleedefense]	[192]	[]	0
511110003	23	近防加强	近防加强	0	6	0	0	0	[meleedefense]	[184]	[]	0
511110003	22	近防加强	近防加强	0	6	0	0	0	[meleedefense]	[176]	[]	0
511110003	21	近防加强	近防加强	0	6	0	0	0	[meleedefense]	[168]	[]	0
511110003	20	近防加强	近防加强	0	6	0	0	0	[meleedefense]	[160]	[]	0
511110003	19	近防加强	近防加强	0	6	0	0	0	[meleedefense]	[152]	[]	0
511110003	18	近防加强	近防加强	0	6	0	0	0	[meleedefense]	[144]	[]	0
511110003	17	近防加强	近防加强	0	6	0	0	0	[meleedefense]	[136]	[]	0
511110003	16	近防加强	近防加强	0	6	0	0	0	[meleedefense]	[128]	[]	0
511110003	15	近防加强	近防加强	0	6	0	0	0	[meleedefense]	[120]	[]	0
511110003	14	近防加强	近防加强	0	6	0	0	0	[meleedefense]	[112]	[]	0
511110003	13	近防加强	近防加强	0	6	0	0	0	[meleedefense]	[104]	[]	0
511110003	12	近防加强	近防加强	0	6	0	0	0	[meleedefense]	[96]	[]	0
511110003	11	近防加强	近防加强	0	6	0	0	0	[meleedefense]	[88]	[]	0
511110003	10	近防加强	近防加强	0	6	0	0	0	[meleedefense]	[80]	[]	0
511110003	9	近防加强	近防加强	0	6	0	0	0	[meleedefense]	[72]	[]	0
511110003	8	近防加强	近防加强	0	6	0	0	0	[meleedefense]	[64]	[]	0
511110003	7	近防加强	近防加强	0	6	0	0	0	[meleedefense]	[56]	[]	0
511110003	6	近防加强	近防加强	0	6	0	0	0	[meleedefense]	[48]	[]	0
511110003	5	近防加强	近防加强	0	6	0	0	0	[meleedefense]	[40]	[]	0
511110003	4	近防加强	近防加强	0	6	0	0	0	[meleedefense]	[32]	[]	0
511110003	3	近防加强	近防加强	0	6	0	0	0	[meleedefense]	[24]	[]	0
511110003	2	近防加强	近防加强	0	6	0	0	0	[meleedefense]	[16]	[]	0
511110003	1	近防加强	近防加强	0	6	0	0	0	[meleedefense]	[8]	[]	0
511110004	50	远防加强	远防加强	0	6	0	0	0	[rangedefense]	[400]	[]	0
511110004	49	远防加强	远防加强	0	6	0	0	0	[rangedefense]	[392]	[]	0
511110004	48	远防加强	远防加强	0	6	0	0	0	[rangedefense]	[384]	[]	0
511110004	47	远防加强	远防加强	0	6	0	0	0	[rangedefense]	[376]	[]	0
511110004	46	远防加强	远防加强	0	6	0	0	0	[rangedefense]	[368]	[]	0
511110004	45	远防加强	远防加强	0	6	0	0	0	[rangedefense]	[360]	[]	0
511110004	44	远防加强	远防加强	0	6	0	0	0	[rangedefense]	[352]	[]	0
511110004	43	远防加强	远防加强	0	6	0	0	0	[rangedefense]	[344]	[]	0
511110004	42	远防加强	远防加强	0	6	0	0	0	[rangedefense]	[336]	[]	0
511110004	41	远防加强	远防加强	0	6	0	0	0	[rangedefense]	[328]	[]	0
511110004	40	远防加强	远防加强	0	6	0	0	0	[rangedefense]	[320]	[]	0
511110004	39	远防加强	远防加强	0	6	0	0	0	[rangedefense]	[312]	[]	0
511110004	38	远防加强	远防加强	0	6	0	0	0	[rangedefense]	[304]	[]	0
511110004	37	远防加强	远防加强	0	6	0	0	0	[rangedefense]	[296]	[]	0
511110004	36	远防加强	远防加强	0	6	0	0	0	[rangedefense]	[288]	[]	0
511110004	35	远防加强	远防加强	0	6	0	0	0	[rangedefense]	[280]	[]	0
511110004	34	远防加强	远防加强	0	6	0	0	0	[rangedefense]	[272]	[]	0
511110004	33	远防加强	远防加强	0	6	0	0	0	[rangedefense]	[264]	[]	0
511110004	32	远防加强	远防加强	0	6	0	0	0	[rangedefense]	[256]	[]	0
511110004	31	远防加强	远防加强	0	6	0	0	0	[rangedefense]	[248]	[]	0
511110004	30	远防加强	远防加强	0	6	0	0	0	[rangedefense]	[240]	[]	0
511110004	29	远防加强	远防加强	0	6	0	0	0	[rangedefense]	[232]	[]	0
511110004	28	远防加强	远防加强	0	6	0	0	0	[rangedefense]	[224]	[]	0
511110004	27	远防加强	远防加强	0	6	0	0	0	[rangedefense]	[216]	[]	0
511110004	26	远防加强	远防加强	0	6	0	0	0	[rangedefense]	[208]	[]	0
511110004	25	远防加强	远防加强	0	6	0	0	0	[rangedefense]	[200]	[]	0
511110004	24	远防加强	远防加强	0	6	0	0	0	[rangedefense]	[192]	[]	0
511110004	23	远防加强	远防加强	0	6	0	0	0	[rangedefense]	[184]	[]	0
511110004	22	远防加强	远防加强	0	6	0	0	0	[rangedefense]	[176]	[]	0
511110004	21	远防加强	远防加强	0	6	0	0	0	[rangedefense]	[168]	[]	0
511110004	20	远防加强	远防加强	0	6	0	0	0	[rangedefense]	[160]	[]	0
511110004	19	远防加强	远防加强	0	6	0	0	0	[rangedefense]	[152]	[]	0
511110004	18	远防加强	远防加强	0	6	0	0	0	[rangedefense]	[144]	[]	0
511110004	17	远防加强	远防加强	0	6	0	0	0	[rangedefense]	[136]	[]	0
511110004	16	远防加强	远防加强	0	6	0	0	0	[rangedefense]	[128]	[]	0
511110004	15	远防加强	远防加强	0	6	0	0	0	[rangedefense]	[120]	[]	0
511110004	14	远防加强	远防加强	0	6	0	0	0	[rangedefense]	[112]	[]	0
511110004	13	远防加强	远防加强	0	6	0	0	0	[rangedefense]	[104]	[]	0
511110004	12	远防加强	远防加强	0	6	0	0	0	[rangedefense]	[96]	[]	0
511110004	11	远防加强	远防加强	0	6	0	0	0	[rangedefense]	[88]	[]	0
511110004	10	远防加强	远防加强	0	6	0	0	0	[rangedefense]	[80]	[]	0
511110004	9	远防加强	远防加强	0	6	0	0	0	[rangedefense]	[72]	[]	0
511110004	8	远防加强	远防加强	0	6	0	0	0	[rangedefense]	[64]	[]	0
511110004	7	远防加强	远防加强	0	6	0	0	0	[rangedefense]	[56]	[]	0
511110004	6	远防加强	远防加强	0	6	0	0	0	[rangedefense]	[48]	[]	0
511110004	5	远防加强	远防加强	0	6	0	0	0	[rangedefense]	[40]	[]	0
511110004	4	远防加强	远防加强	0	6	0	0	0	[rangedefense]	[32]	[]	0
511110004	3	远防加强	远防加强	0	6	0	0	0	[rangedefense]	[24]	[]	0
511110004	2	远防加强	远防加强	0	6	0	0	0	[rangedefense]	[16]	[]	0
511110004	1	远防加强	远防加强	0	6	0	0	0	[rangedefense]	[8]	[]	0
511110005	50	魔防加强	魔防加强	0	6	0	0	0	[magicdefense]	[400]	[]	0
511110005	49	魔防加强	魔防加强	0	6	0	0	0	[magicdefense]	[392]	[]	0
511110005	48	魔防加强	魔防加强	0	6	0	0	0	[magicdefense]	[384]	[]	0
511110005	47	魔防加强	魔防加强	0	6	0	0	0	[magicdefense]	[376]	[]	0
511110005	46	魔防加强	魔防加强	0	6	0	0	0	[magicdefense]	[368]	[]	0
511110005	45	魔防加强	魔防加强	0	6	0	0	0	[magicdefense]	[360]	[]	0
511110005	44	魔防加强	魔防加强	0	6	0	0	0	[magicdefense]	[352]	[]	0
511110005	43	魔防加强	魔防加强	0	6	0	0	0	[magicdefense]	[344]	[]	0
511110005	42	魔防加强	魔防加强	0	6	0	0	0	[magicdefense]	[336]	[]	0
511110005	41	魔防加强	魔防加强	0	6	0	0	0	[magicdefense]	[328]	[]	0
511110005	40	魔防加强	魔防加强	0	6	0	0	0	[magicdefense]	[320]	[]	0
511110005	39	魔防加强	魔防加强	0	6	0	0	0	[magicdefense]	[312]	[]	0
511110005	38	魔防加强	魔防加强	0	6	0	0	0	[magicdefense]	[304]	[]	0
511110005	37	魔防加强	魔防加强	0	6	0	0	0	[magicdefense]	[296]	[]	0
511110005	36	魔防加强	魔防加强	0	6	0	0	0	[magicdefense]	[288]	[]	0
511110005	35	魔防加强	魔防加强	0	6	0	0	0	[magicdefense]	[280]	[]	0
511110005	34	魔防加强	魔防加强	0	6	0	0	0	[magicdefense]	[272]	[]	0
511110005	33	魔防加强	魔防加强	0	6	0	0	0	[magicdefense]	[264]	[]	0
511110005	32	魔防加强	魔防加强	0	6	0	0	0	[magicdefense]	[256]	[]	0
511110005	31	魔防加强	魔防加强	0	6	0	0	0	[magicdefense]	[248]	[]	0
511110005	30	魔防加强	魔防加强	0	6	0	0	0	[magicdefense]	[240]	[]	0
511110005	29	魔防加强	魔防加强	0	6	0	0	0	[magicdefense]	[232]	[]	0
511110005	28	魔防加强	魔防加强	0	6	0	0	0	[magicdefense]	[224]	[]	0
511110005	27	魔防加强	魔防加强	0	6	0	0	0	[magicdefense]	[216]	[]	0
511110005	26	魔防加强	魔防加强	0	6	0	0	0	[magicdefense]	[208]	[]	0
511110005	25	魔防加强	魔防加强	0	6	0	0	0	[magicdefense]	[200]	[]	0
511110005	24	魔防加强	魔防加强	0	6	0	0	0	[magicdefense]	[192]	[]	0
511110005	23	魔防加强	魔防加强	0	6	0	0	0	[magicdefense]	[184]	[]	0
511110005	22	魔防加强	魔防加强	0	6	0	0	0	[magicdefense]	[176]	[]	0
511110005	21	魔防加强	魔防加强	0	6	0	0	0	[magicdefense]	[168]	[]	0
511110005	20	魔防加强	魔防加强	0	6	0	0	0	[magicdefense]	[160]	[]	0
511110005	19	魔防加强	魔防加强	0	6	0	0	0	[magicdefense]	[152]	[]	0
511110005	18	魔防加强	魔防加强	0	6	0	0	0	[magicdefense]	[144]	[]	0
511110005	17	魔防加强	魔防加强	0	6	0	0	0	[magicdefense]	[136]	[]	0
511110005	16	魔防加强	魔防加强	0	6	0	0	0	[magicdefense]	[128]	[]	0
511110005	15	魔防加强	魔防加强	0	6	0	0	0	[magicdefense]	[120]	[]	0
511110005	14	魔防加强	魔防加强	0	6	0	0	0	[magicdefense]	[112]	[]	0
511110005	13	魔防加强	魔防加强	0	6	0	0	0	[magicdefense]	[104]	[]	0
511110005	12	魔防加强	魔防加强	0	6	0	0	0	[magicdefense]	[96]	[]	0
511110005	11	魔防加强	魔防加强	0	6	0	0	0	[magicdefense]	[88]	[]	0
511110005	10	魔防加强	魔防加强	0	6	0	0	0	[magicdefense]	[80]	[]	0
511110005	9	魔防加强	魔防加强	0	6	0	0	0	[magicdefense]	[72]	[]	0
511110005	8	魔防加强	魔防加强	0	6	0	0	0	[magicdefense]	[64]	[]	0
511110005	7	魔防加强	魔防加强	0	6	0	0	0	[magicdefense]	[56]	[]	0
511110005	6	魔防加强	魔防加强	0	6	0	0	0	[magicdefense]	[48]	[]	0
511110005	5	魔防加强	魔防加强	0	6	0	0	0	[magicdefense]	[40]	[]	0
511110005	4	魔防加强	魔防加强	0	6	0	0	0	[magicdefense]	[32]	[]	0
511110005	3	魔防加强	魔防加强	0	6	0	0	0	[magicdefense]	[24]	[]	0
511110005	2	魔防加强	魔防加强	0	6	0	0	0	[magicdefense]	[16]	[]	0
511110005	1	魔防加强	魔防加强	0	6	0	0	0	[magicdefense]	[8]	[]	0
520000003	10	雷霆箭	移动速度降低30%，防御力-2%	0	5	6000	0	0	[movespeed,magicdefense_percent,rangedefense_percent,meleedefense_percent]	[-30,-20,-20,-20]	[1]	0
520000003	9	雷霆箭	移动速度降低30%，防御力-4%	0	5	6000	0	0	[movespeed,magicdefense_percent,rangedefense_percent,meleedefense_percent]	[-30,-18,-18,-18]	[1]	0
520000003	8	雷霆箭	移动速度降低30%，防御力-6%	0	5	6000	0	0	[movespeed,magicdefense_percent,rangedefense_percent,meleedefense_percent]	[-30,-16,-16,-16]	[1]	0
520000003	7	雷霆箭	移动速度降低30%，防御力-8%	0	5	6000	0	0	[movespeed,magicdefense_percent,rangedefense_percent,meleedefense_percent]	[-30,-14,-14,-14]	[1]	0
520000003	6	雷霆箭	移动速度降低30%，防御力-10%	0	5	6000	0	0	[movespeed,magicdefense_percent,rangedefense_percent,meleedefense_percent]	[-30,-12,-12,-12]	[1]	0
520000003	5	雷霆箭	移动速度降低30%，防御力-12%	0	5	6000	0	0	[movespeed,magicdefense_percent,rangedefense_percent,meleedefense_percent]	[-30,-10,-10,-10]	[1]	0
520000003	4	雷霆箭	移动速度降低30%，防御力-14%	0	5	6000	0	0	[movespeed,magicdefense_percent,rangedefense_percent,meleedefense_percent]	[-30,-8,-8,-8]	[1]	0
520000003	3	雷霆箭	移动速度降低30%，防御力-16%	0	5	6000	0	0	[movespeed,magicdefense_percent,rangedefense_percent,meleedefense_percent]	[-30,-6,-6,-6]	[1]	0
520000003	2	雷霆箭	移动速度降低30%，防御力-18%	0	5	6000	0	0	[movespeed,magicdefense_percent,rangedefense_percent,meleedefense_percent]	[-30,-4,-4,-4]	[1]	0
520000003	1	雷霆箭	移动速度降低30%，防御力-20%	0	5	6000	0	0	[movespeed,magicdefense_percent,rangedefense_percent,meleedefense_percent]	[-30,-2,-2,-2]	[1]	0
520000004	10	锁魂箭	定身状态，无法移动	0	1	5000	0	0	[]	[]	[1]	0
520000004	9	锁魂箭	定身状态，无法移动	0	1	4700	0	0	[]	[]	[1]	0
520000004	8	锁魂箭	定身状态，无法移动	0	1	4400	0	0	[]	[]	[1]	0
520000004	7	锁魂箭	定身状态，无法移动	0	1	4100	0	0	[]	[]	[1]	0
520000004	6	锁魂箭	定身状态，无法移动	0	1	3800	0	0	[]	[]	[1]	0
520000004	5	锁魂箭	定身状态，无法移动	0	1	3500	0	0	[]	[]	[1]	0
520000004	4	锁魂箭	定身状态，无法移动	0	1	3200	0	0	[]	[]	[1]	0
520000004	3	锁魂箭	定身状态，无法移动	0	1	2900	0	0	[]	[]	[1]	0
520000004	2	锁魂箭	定身状态，无法移动	0	1	2600	0	0	[]	[]	[1]	0
520000004	1	锁魂箭	定身状态，无法移动	0	1	2300	0	0	[]	[]	[1]	0
520000006	10	鹰之守护	暴击+100，命中+100	0	6	15000	0	0	[criticalrate,hitrate]	[280,280]	[1]	1
520000006	9	鹰之守护	暴击+120，命中+120	0	6	15000	0	0	[criticalrate,hitrate]	[260,260]	[1]	1
520000006	8	鹰之守护	暴击+140，命中+140	0	6	15000	0	0	[criticalrate,hitrate]	[240,240]	[1]	1
520000006	7	鹰之守护	暴击+160，命中+160	0	6	15000	0	0	[criticalrate,hitrate]	[220,220]	[1]	1
520000006	6	鹰之守护	暴击+180，命中+180	0	6	15000	0	0	[criticalrate,hitrate]	[200,200]	[1]	1
520000006	5	鹰之守护	暴击+200，命中+200	0	6	15000	0	0	[criticalrate,hitrate]	[180,180]	[1]	1
520000006	4	鹰之守护	暴击+220，命中+220	0	6	15000	0	0	[criticalrate,hitrate]	[160,160]	[1]	1
520000006	3	鹰之守护	暴击+240，命中+240	0	6	15000	0	0	[criticalrate,hitrate]	[140,140]	[1]	1
520000006	2	鹰之守护	暴击+260，命中+260	0	6	15000	0	0	[criticalrate,hitrate]	[120,120]	[1]	1
520000006	1	鹰之守护	暴击+280，命中+280	0	6	15000	0	0	[criticalrate,hitrate]	[100,100]	[1]	1
530000003	10	冲锋斩	减速50%，持续2秒	0	5	6500	0	0	[movespeed]	[-50]	[1]	0
530000003	9	冲锋斩	减速50%，持续2.5秒	0	5	6000	0	0	[movespeed]	[-50]	[1]	0
530000003	8	冲锋斩	减速50%，持续3秒	0	5	5500	0	0	[movespeed]	[-50]	[1]	0
530000003	7	冲锋斩	减速50%，持续3.5秒	0	5	5000	0	0	[movespeed]	[-50]	[1]	0
530000003	6	冲锋斩	减速50%，持续4秒	0	5	4500	0	0	[movespeed]	[-50]	[1]	0
530000003	5	冲锋斩	减速50%，持续4.5秒	0	5	4000	0	0	[movespeed]	[-50]	[1]	0
530000003	4	冲锋斩	减速50%，持续5秒	0	5	3500	0	0	[movespeed]	[-50]	[1]	0
530000003	3	冲锋斩	减速50%，持续5.5秒	0	5	3000	0	0	[movespeed]	[-50]	[1]	0
530000003	2	冲锋斩	减速50%，持续6秒	0	5	2500	0	0	[movespeed]	[-50]	[1]	0
530000003	1	冲锋斩	减速50%，持续6.5秒	0	5	2000	0	0	[movespeed]	[-50]	[1]	0
530000004	10	雷鸣斩	昏迷1.5秒	0	3	3300	0	1000	[]	[]	[1]	0
530000004	9	雷鸣斩	昏迷1.7秒	0	3	3100	0	1000	[]	[]	[1]	0
530000004	8	雷鸣斩	昏迷1.9秒	0	3	2900	0	1000	[]	[]	[1]	0
530000004	7	雷鸣斩	昏迷2.1秒	0	3	2700	0	1000	[]	[]	[1]	0
530000004	6	雷鸣斩	昏迷2.3秒	0	3	2500	0	1000	[]	[]	[1]	0
530000004	5	雷鸣斩	昏迷2.5秒	0	3	2300	0	1000	[]	[]	[1]	0
530000004	4	雷鸣斩	昏迷2.7秒	0	3	2100	0	1000	[]	[]	[1]	0
530000004	3	雷鸣斩	昏迷2.9秒	0	3	1900	0	1000	[]	[]	[1]	0
530000004	2	雷鸣斩	昏迷3.1秒	0	3	1700	0	1000	[]	[]	[1]	0
530000004	1	雷鸣斩	昏迷3.3秒	0	3	1500	0	1000	[]	[]	[1]	0
530000005	10	自由祝福	伤害减免+220，持续10秒	0	6	10000	0	0	[magicimmunity,rangeimmunity,meleeimmunity]	[400,400,400]	[1]	0
530000005	9	自由祝福	伤害减免+240，持续10秒	0	6	10000	0	0	[magicimmunity,rangeimmunity,meleeimmunity]	[380,380,380]	[1]	0
530000005	8	自由祝福	伤害减免+260，持续10秒	0	6	10000	0	0	[magicimmunity,rangeimmunity,meleeimmunity]	[360,360,360]	[1]	0
530000005	7	自由祝福	伤害减免+280，持续10秒	0	6	10000	0	0	[magicimmunity,rangeimmunity,meleeimmunity]	[340,340,340]	[1]	0
530000005	6	自由祝福	伤害减免+300，持续10秒	0	6	10000	0	0	[magicimmunity,rangeimmunity,meleeimmunity]	[320,320,320]	[1]	0
530000005	5	自由祝福	伤害减免+320，持续10秒	0	6	10000	0	0	[magicimmunity,rangeimmunity,meleeimmunity]	[300,300,300]	[1]	0
530000005	4	自由祝福	伤害减免+340，持续10秒	0	6	10000	0	0	[magicimmunity,rangeimmunity,meleeimmunity]	[280,280,280]	[1]	0
530000005	3	自由祝福	伤害减免+360，持续10秒	0	6	10000	0	0	[magicimmunity,rangeimmunity,meleeimmunity]	[260,260,260]	[1]	0
530000005	2	自由祝福	伤害减免+380，持续10秒	0	6	10000	0	0	[magicimmunity,rangeimmunity,meleeimmunity]	[240,240,240]	[1]	0
530000005	1	自由祝福	伤害减免+400，持续10秒	0	6	10000	0	0	[magicimmunity,rangeimmunity,meleeimmunity]	[220,220,220]	[1]	0
530000006	10	利刃风暴	攻击-15%，持续15秒	0	6	15000	0	0	[rangepower_percent,magicpower_percent,meleepower_percent]	[-25,-25,-25]	[1]	0
530000006	9	利刃风暴	攻击-16%，持续15秒	0	6	15000	0	0	[rangepower_percent,magicpower_percent,meleepower_percent]	[-23,-23,-23]	[1]	0
530000006	8	利刃风暴	攻击-17%，持续15秒	0	6	15000	0	0	[rangepower_percent,magicpower_percent,meleepower_percent]	[-22,-22,-22]	[1]	0
530000006	7	利刃风暴	攻击-18%，持续15秒	0	6	15000	0	0	[rangepower_percent,magicpower_percent,meleepower_percent]	[-21,-21,-21]	[1]	0
530000006	6	利刃风暴	攻击-19%，持续15秒	0	6	15000	0	0	[rangepower_percent,magicpower_percent,meleepower_percent]	[-20,-20,-20]	[1]	0
530000006	5	利刃风暴	攻击-20%，持续15秒	0	6	15000	0	0	[rangepower_percent,magicpower_percent,meleepower_percent]	[-19,-19,-19]	[1]	0
530000006	4	利刃风暴	攻击-21%，持续15秒	0	6	15000	0	0	[rangepower_percent,magicpower_percent,meleepower_percent]	[-18,-18,-18]	[1]	0
530000006	3	利刃风暴	攻击-22%，持续15秒	0	6	15000	0	0	[rangepower_percent,magicpower_percent,meleepower_percent]	[-17,-17,-17]	[1]	0
530000006	2	利刃风暴	攻击-23%，持续15秒	0	6	15000	0	0	[rangepower_percent,magicpower_percent,meleepower_percent]	[-16,-16,-16]	[1]	0
530000006	1	利刃风暴	攻击-25%，持续15秒	0	6	15000	0	0	[rangepower_percent,magicpower_percent,meleepower_percent]	[-15,-15,-15]	[1]	0
600000025	1	瞬移	瞬间移动到目标面前	0	6	0	0	0	[]	[]	[1]	0
600000026	1	反击风暴	将受到伤害的80%反弹回去，持续8秒	0	6	10000	0	0	[]	[50]	[1]	0
600000026	3	反伤	将受到伤害的80%反弹回去，持续15秒	0	6	15000	0	0	[]	[80]	[1]	0
600000026	2	反伤	将受到伤害的50%反弹回去，持续10秒	0	6	8000	0	0	[]	[80]	[1]	0
600000030	4	回血	直接回复400点生命	2	6	0	0	0	[hpeffect]	[1600]	[1]	0
600000030	3	回血	直接回复800点生命	2	6	0	0	0	[hpeffect]	[1200]	[1]	0
600000030	2	回血	直接回复1200点生命	2	6	0	0	0	[hpeffect]	[800]	[1]	0
600000030	1	回血	直接回复1600点生命	2	6	0	0	0	[hpeffect]	[400]	[1]	0
600000032	4	回魔	直接回复200点法力	2	6	0	0	0	[mpeffect]	[800]	[1]	0
600000032	3	回魔	直接回复400点法力	2	6	0	0	0	[mpeffect]	[600]	[1]	0
600000032	2	回魔	直接回复600点法力	2	6	0	0	0	[mpeffect]	[400]	[1]	0
600000032	1	回魔	直接回复800点法力	2	6	0	0	0	[mpeffect]	[200]	[1]	0
600000047	4	回血	直接回复1500点生命	2	2	6	0	0	[hpeffect]	[12000]	[1]	0
600000047	3	回血	直接回复3000点生命	2	2	6	0	0	[hpeffect]	[6000]	[1]	0
600000047	2	回血	直接回复6000点生命	2	2	6	0	0	[hpeffect]	[3000]	[1]	0
600000047	1	回血	直接回复12000点生命	2	2	6	0	0	[hpeffect]	[1500]	[1]	0
600000048	1	1.5倍经验1小时	打怪获得经验的效率提高50%	0	9	3600000	0	0	[]	[{1,50}]	[]	0
600000049	3	初级血瓶	初级血参：每10秒回复一定量的生命，每次最高回复400点生命	3	6	-1	10000	0	[hp_package]	[1600]	[]	1
600000049	2	中级血瓶	中级血参：每10秒回复一定量的生命，每次最高回复800点生命	3	6	-1	10000	0	[hp_package]	[1200]	[]	1
600000049	1	高级血瓶	高级血参：每10秒回复一定量的生命，每次最高回复1200点生命	3	6	-1	10000	0	[hp_package]	[800]	[]	1
600000049	0	特级血瓶	特级血参：每10秒回复一定量的生命，每次最高回复1600点生命	3	6	-1	10000	0	[hp_package]	[400]	[]	1
600000064	3	初级麝香	初级麝香：每10秒回复一定量的法力，每次最高回复200点法力	7	6	-1	10000	0	[mp_package]	[800]	[]	1
600000064	2	中级麝香	中级麝香：每10秒回复一定量的法力，每次最高回复400点法力	7	6	-1	10000	0	[mp_package]	[600]	[]	1
600000064	1	高级麝香	高级麝香：每10秒回复一定量的法力，每次最高回复600点法力	7	6	-1	10000	0	[mp_package]	[400]	[]	1
600000064	0	特级麝香	特级麝香：每10秒回复一定量的法力，每次最高回复800点法力	7	6	-1	10000	0	[mp_package]	[200]	[]	1
600000065	1	王者荣耀	国王战获胜后奖励，打怪或者密修获得经验和灵力的效率提高100%（可与双倍经验丹效果叠加）	0	9	7200000	0	0	[]	[100]	[]	1
600000066	1	扰乱	打断目标正在使用的吟唱技能	0	2	100	0	0	[]	[]	[1]	0
610000048	1	多倍经验1小时	打怪获得经验和温泉获得经验灵力的效率提高50%	0	9	3600000	0	0	[]	[{1,50},{2,50}]	[]	0
611111121	1	减速	减速45%	0	6	-1	0	0	[movespeed]	[-45]	[]	0
740000001	1	临阵脱逃	战场逃兵：5分钟内无法重返战场	4	11	300000	0	0	[]	[]	[]	0
740000002	1	灵魂守护（战场）	复活保护：在战场复活点复活后5秒内处于无敌状态。	0	7	5000	0	0	[]	[]	[2]	0
750000001	10	元素治疗	元素治疗：每秒回复65点生命，持续5秒，总共回复325点生命值。	0	6	5010	1000	0	[hpeffect]	[2314]	[1]	0
750000001	9	元素治疗	元素治疗：每秒回复106点生命，持续5秒，总共回复530点生命值。	0	6	5010	1000	0	[hpeffect]	[1014]	[1]	0
750000001	8	元素治疗	元素治疗：每秒回复136点生命，持续5秒，总共回复680点生命值。	0	6	5010	1000	0	[hpeffect]	[616]	[1]	0
750000001	7	元素治疗	元素治疗：每秒回复225点生命，持续5秒，总共回复1125点生命值。	0	6	5010	1000	0	[hpeffect]	[527]	[1]	0
750000001	6	元素治疗	元素治疗：每秒回复293点生命，持续5秒，总共回复1465点生命值。	0	6	5010	1000	0	[hpeffect]	[381]	[1]	0
750000001	5	元素治疗	元素治疗：每秒回复381点生命，持续5秒，总共回复1905点生命值。	0	6	5010	1000	0	[hpeffect]	[293]	[1]	0
750000001	4	元素治疗	元素治疗：每秒回复527点生命，持续5秒，总共回复2635点生命值。	0	6	5010	1000	0	[hpeffect]	[225]	[1]	0
750000001	3	元素治疗	元素治疗：每秒回复616点生命，持续5秒，总共回复3080点生命值。	0	6	5010	1000	0	[hpeffect]	[136]	[1]	0
750000001	2	元素治疗	元素治疗：每秒回复1014点生命，持续5秒，总共回复5070点生命值。	0	6	5010	1000	0	[hpeffect]	[106]	[1]	0
750000001	1	元素治疗	元素治疗：每秒回复2314点生命，持续5秒，总共回复11570点生命值。	0	6	5010	1000	0	[hpeffect]	[65]	[1]	0
750000002	10	战斗怒吼	战斗怒吼：增加自身62点攻击力，持续8秒。	0	6	8000	0	0	[magicpower,rangepower,meleepower]	[1801,1801,1801]	[1]	0
750000002	9	战斗怒吼	战斗怒吼：增加自身120点攻击力，持续8秒。	0	6	8000	0	0	[magicpower,rangepower,meleepower]	[1518,1518,1518]	[1]	0
750000002	8	战斗怒吼	战斗怒吼：增加自身162点攻击力，持续8秒。	0	6	8000	0	0	[magicpower,rangepower,meleepower]	[795,795,795]	[1]	0
750000002	7	战斗怒吼	战斗怒吼：增加自身285点攻击力，持续8秒。	0	6	8000	0	0	[magicpower,rangepower,meleepower]	[690,690,690]	[1]	0
750000002	6	战斗怒吼	战斗怒吼：增加自身358点攻击力，持续8秒。	0	6	8000	0	0	[magicpower,rangepower,meleepower]	[455,455,455]	[1]	0
750000002	5	战斗怒吼	战斗怒吼：增加自身455点攻击力，持续8秒。	0	6	8000	0	0	[magicpower,rangepower,meleepower]	[358,358,358]	[1]	0
750000002	4	战斗怒吼	战斗怒吼：增加自身690点攻击力，持续8秒。	0	6	8000	0	0	[magicpower,rangepower,meleepower]	[285,285,285]	[1]	0
750000002	3	战斗怒吼	战斗怒吼：增加自身795点攻击力，持续8秒。	0	6	8000	0	0	[magicpower,rangepower,meleepower]	[162,162,162]	[1]	0
750000002	2	战斗怒吼	战斗怒吼：增加自身1518点攻击力，持续8秒。	0	6	8000	0	0	[magicpower,rangepower,meleepower]	[120,120,120]	[1]	0
750000002	1	战斗怒吼	战斗怒吼：增加自身1801点攻击力，持续8秒。	0	6	8000	0	0	[magicpower,rangepower,meleepower]	[62,62,62]	[1]	0
750000003	10	圣光护盾	圣光护盾：增加自身33点防御力，持续8秒。	0	6	8000	0	0	[meleedefense,rangedefense,magicdefense]	[1270,1270,1270]	[1]	0
750000003	9	圣光护盾	圣光护盾：增加自身69点防御力，持续8秒。	0	6	8000	0	0	[meleedefense,rangedefense,magicdefense]	[1062,1062,1062]	[1]	0
750000003	8	圣光护盾	圣光护盾：增加自身98点防御力，持续8秒。	0	6	8000	0	0	[meleedefense,rangedefense,magicdefense]	[548,548,548]	[1]	0
750000003	7	圣光护盾	圣光护盾：增加自身186点防御力，持续8秒。	0	6	8000	0	0	[meleedefense,rangedefense,magicdefense]	[470,470,470]	[1]	0
750000003	6	圣光护盾	圣光护盾：增加自身238点防御力，持续8秒。	0	6	8000	0	0	[meleedefense,rangedefense,magicdefense]	[305,305,305]	[1]	0
750000003	5	圣光护盾	圣光护盾：增加自身305点防御力，持续8秒。	0	6	8000	0	0	[meleedefense,rangedefense,magicdefense]	[238,238,238]	[1]	0
750000003	4	圣光护盾	圣光护盾：增加自身470点防御力，持续8秒。	0	6	8000	0	0	[meleedefense,rangedefense,magicdefense]	[186,186,186]	[1]	0
750000003	3	圣光护盾	圣光护盾：增加自身548点防御力，持续8秒。	0	6	8000	0	0	[meleedefense,rangedefense,magicdefense]	[98,98,98]	[1]	0
750000003	2	圣光护盾	圣光护盾：增加自身1062点防御力，持续8秒。	0	6	8000	0	0	[meleedefense,rangedefense,magicdefense]	[69,69,69]	[1]	0
750000003	1	圣光护盾	圣光护盾：增加自身1270点防御力，持续8秒。	0	6	8000	0	0	[meleedefense,rangedefense,magicdefense]	[33,33,33]	[1]	0
750000004	10	极寒冰封	极寒冰封：被冰冻定身，8秒内无法移动。	0	1	8000	0	0	[hpeffect]	[-961]	[1]	0
750000004	9	极寒冰封	极寒冰封：被冰冻定身，8秒内无法移动。	0	1	8000	0	0	[hpeffect]	[-807]	[1]	0
750000004	8	极寒冰封	极寒冰封：被冰冻定身，8秒内无法移动。	0	1	8000	0	0	[hpeffect]	[-545]	[1]	0
750000004	7	极寒冰封	极寒冰封：被冰冻定身，8秒内无法移动。	0	1	8000	0	0	[hpeffect]	[-471]	[1]	0
750000004	6	极寒冰封	极寒冰封：被冰冻定身，8秒内无法移动。	0	1	8000	0	0	[hpeffect]	[-361]	[1]	0
750000004	5	极寒冰封	极寒冰封：被冰冻定身，8秒内无法移动。	0	1	8000	0	0	[hpeffect]	[-283]	[1]	0
750000004	4	极寒冰封	极寒冰封：被冰冻定身，8秒内无法移动。	0	1	8000	0	0	[hpeffect]	[-224]	[1]	0
750000004	3	极寒冰封	极寒冰封：被冰冻定身，8秒内无法移动。	0	1	6000	0	0	[hpeffect]	[-125]	[1]	0
750000004	2	极寒冰封	极寒冰封：被冰冻定身，8秒内无法移动。	0	1	6000	0	0	[hpeffect]	[-92]	[1]	0
750000004	1	极寒冰封	极寒冰封：被冰冻定身，8秒内无法移动。	0	1	6000	0	0	[hpeffect]	[-54]	[1]	0
750000005	10	涅槃守护	涅槃守护：增加自身攻击力。	0	6	30000	0	0	[magicpower,rangepower,meleepower]	[720,720,720]	[]	0
750000005	9	涅槃守护	涅槃守护：增加自身25攻击力。	0	6	30000	0	0	[magicpower,rangepower,meleepower]	[607,607,607]	[]	0
750000005	8	涅槃守护	涅槃守护：增加自身48攻击力。	0	6	30000	0	0	[magicpower,rangepower,meleepower]	[318,318,318]	[]	0
750000005	7	涅槃守护	涅槃守护：增加自身65攻击力。	0	6	30000	0	0	[magicpower,rangepower,meleepower]	[276,276,276]	[]	0
750000005	6	涅槃守护	涅槃守护：增加自身114攻击力。	0	6	30000	0	0	[magicpower,rangepower,meleepower]	[182,182,182]	[]	0
750000005	5	涅槃守护	涅槃守护：增加自身143攻击力。	0	6	30000	0	0	[magicpower,rangepower,meleepower]	[143,143,143]	[]	0
750000005	4	涅槃守护	涅槃守护：增加自身182攻击力。	0	6	30000	0	0	[magicpower,rangepower,meleepower]	[114,114,114]	[]	0
750000005	3	涅槃守护	涅槃守护：增加自身276攻击力。	0	6	30000	0	0	[magicpower,rangepower,meleepower]	[65,65,65]	[]	0
750000005	2	涅槃守护	涅槃守护：增加自身318攻击力。	0	6	30000	0	0	[magicpower,rangepower,meleepower]	[48,48,48]	[]	0
750000005	1	涅槃守护	涅槃守护：增加自身607攻击力。	0	6	30000	0	0	[magicpower,rangepower,meleepower]	[25,25,25]	[]	0
750000005	0	涅槃守护	涅槃守护：增加自身720攻击力。	0	6	30000	0	0	[magicpower,rangepower,meleepower]	[0,0,0]	[]	0
750000006	10	远古守护（远）	远古守护（远）：增加自身远攻防御力。	0	6	30000	0	0	[rangedefense]	[508]	[]	0
750000006	9	远古守护（远）	远古守护（远）：增加自身13远攻防御力。	0	6	30000	0	0	[rangedefense]	[425]	[]	0
750000006	8	远古守护（远）	远古守护（远）：增加自身28远攻防御力。	0	6	30000	0	0	[rangedefense]	[219]	[]	0
750000006	7	远古守护（远）	远古守护（远）：增加自身39远攻防御力。	0	6	30000	0	0	[rangedefense]	[188]	[]	0
750000006	6	远古守护（远）	远古守护（远）：增加自身74远攻防御力。	0	6	30000	0	0	[rangedefense]	[122]	[]	0
750000006	5	远古守护（远）	远古守护（远）：增加自身95远攻防御力。	0	6	30000	0	0	[rangedefense]	[95]	[]	0
750000006	4	远古守护（远）	远古守护（远）：增加自身122远攻防御力。	0	6	30000	0	0	[rangedefense]	[74]	[]	0
750000006	3	远古守护（远）	远古守护（远）：增加自身188远攻防御力。	0	6	30000	0	0	[rangedefense]	[39]	[]	0
750000006	2	远古守护（远）	远古守护（远）：增加自身219远攻防御力。	0	6	30000	0	0	[rangedefense]	[28]	[]	0
750000006	1	远古守护（远）	远古守护（远）：增加自身425远攻防御力。	0	6	30000	0	0	[rangedefense]	[13]	[]	0
750000006	0	远古守护（远）	远古守护（远）：增加自身508远攻防御力。	0	6	30000	0	0	[rangedefense]	[0]	[]	0
750000007	10	远古守护（近）	远古守护（近）：增加自身近攻防御力。	0	6	30000	0	0	[meleedefense]	[508]	[]	0
750000007	9	远古守护（近）	远古守护（近）：增加自身13近攻防御力。	0	6	30000	0	0	[meleedefense]	[425]	[]	0
750000007	8	远古守护（近）	远古守护（近）：增加自身28近攻防御力。	0	6	30000	0	0	[meleedefense]	[219]	[]	0
750000007	7	远古守护（近）	远古守护（近）：增加自身39近攻防御力。	0	6	30000	0	0	[meleedefense]	[188]	[]	0
750000007	6	远古守护（近）	远古守护（近）：增加自身74近攻防御力。	0	6	30000	0	0	[meleedefense]	[122]	[]	0
750000007	5	远古守护（近）	远古守护（近）：增加自身95近攻防御力。	0	6	30000	0	0	[meleedefense]	[95]	[]	0
750000007	4	远古守护（近）	远古守护（近）：增加自身122近攻防御力。	0	6	30000	0	0	[meleedefense]	[74]	[]	0
750000007	3	远古守护（近）	远古守护（近）：增加自身188近攻防御力。	0	6	30000	0	0	[meleedefense]	[39]	[]	0
750000007	2	远古守护（近）	远古守护（近）：增加自身219近攻防御力。	0	6	30000	0	0	[meleedefense]	[28]	[]	0
750000007	1	远古守护（近）	远古守护（近）：增加自身425近攻防御力。	0	6	30000	0	0	[meleedefense]	[13]	[]	0
750000007	0	远古守护（近）	远古守护（近）：增加自身508近攻防御力。	0	6	30000	0	0	[meleedefense]	[0]	[]	0
750000008	10	远古守护（魔）	远古守护（魔）：增加自身魔攻防御力。	0	6	30000	0	0	[magicdefense]	[508]	[]	0
750000008	9	远古守护（魔）	远古守护（魔）：增加自身13魔攻防御力。	0	6	30000	0	0	[magicdefense]	[425]	[]	0
750000008	8	远古守护（魔）	远古守护（魔）：增加自身28魔攻防御力。	0	6	30000	0	0	[magicdefense]	[219]	[]	0
750000008	7	远古守护（魔）	远古守护（魔）：增加自身39魔攻防御力。	0	6	30000	0	0	[magicdefense]	[188]	[]	0
750000008	6	远古守护（魔）	远古守护（魔）：增加自身74魔攻防御力。	0	6	30000	0	0	[magicdefense]	[122]	[]	0
750000008	5	远古守护（魔）	远古守护（魔）：增加自身95魔攻防御力。	0	6	30000	0	0	[magicdefense]	[95]	[]	0
750000008	4	远古守护（魔）	远古守护（魔）：增加自身122魔攻防御力。	0	6	30000	0	0	[magicdefense]	[74]	[]	0
750000008	3	远古守护（魔）	远古守护（魔）：增加自身188魔攻防御力。	0	6	30000	0	0	[magicdefense]	[39]	[]	0
750000008	2	远古守护（魔）	远古守护（魔）：增加自身219魔攻防御力。	0	6	30000	0	0	[magicdefense]	[28]	[]	0
750000008	1	远古守护（魔）	远古守护（魔）：增加自身425魔攻防御力。	0	6	30000	0	0	[magicdefense]	[13]	[]	0
750000008	0	远古守护（魔）	远古守护（魔）：增加自身508魔攻防御力。	0	6	30000	0	0	[magicdefense]	[0]	[]	0
750000011	1	棋魂自动回复BUFF	每秒回复100生命力	0	6	3600000	1000	0	[hpeffect]	[100]	[1]	0
750000012	1	棋魂自动回复BUFF	每秒回复200生命力	0	6	3600000	1000	0	[hpeffect]	[200]	[1]	0
750000013	2	舍身取义	扣除很多血量，杀死自己	0	5	21010	1000	0	[hpeffect]	[-73449]	[1]	0
750000013	1	舍身取义	扣除很多血量，杀死自己	0	5	21010	1000	0	[hpeffect]	[-24291]	[1]	0
750000014	10	涅槃守护	涅槃守护：增加自身攻击力。	0	6	30000	0	0	[magicpower,rangepower,meleepower]	[2150,2150,2150]	[]	0
750000014	9	涅槃守护	涅槃守护：增加自身33攻击力。	0	6	30000	0	0	[magicpower,rangepower,meleepower]	[1736,1736,1736]	[]	0
750000014	8	涅槃守护	涅槃守护：增加自身48攻击力。	0	6	30000	0	0	[magicpower,rangepower,meleepower]	[1433,1433,1433]	[]	0
750000014	7	涅槃守护	涅槃守护：增加自身82攻击力。	0	6	30000	0	0	[magicpower,rangepower,meleepower]	[1154,1154,1154]	[]	0
750000014	6	涅槃守护	涅槃守护：增加自身234攻击力。	0	6	30000	0	0	[magicpower,rangepower,meleepower]	[737,737,737]	[]	0
750000014	5	涅槃守护	涅槃守护：增加自身370攻击力。	0	6	30000	0	0	[magicpower,rangepower,meleepower]	[370,370,370]	[]	0
750000014	4	涅槃守护	涅槃守护：增加自身737攻击力。	0	6	30000	0	0	[magicpower,rangepower,meleepower]	[234,234,234]	[]	0
750000014	3	涅槃守护	涅槃守护：增加自身1154攻击力。	0	6	30000	0	0	[magicpower,rangepower,meleepower]	[82,82,82]	[]	0
750000014	2	涅槃守护	涅槃守护：增加自身1433攻击力。	0	6	30000	0	0	[magicpower,rangepower,meleepower]	[48,48,48]	[]	0
750000014	1	涅槃守护	涅槃守护：增加自身1736攻击力。	0	6	30000	0	0	[magicpower,rangepower,meleepower]	[33,33,33]	[]	0
750000014	0	涅槃守护	涅槃守护：增加自身2150攻击力。	0	6	30000	0	0	[magicpower,rangepower,meleepower]	[0,0,0]	[]	0
750000015	10	远古守护（远）	远古守护（远）：增加自身远攻防御力。	0	6	30000	0	0	[rangedefense]	[619,619,619]	[]	0
750000015	9	远古守护（远）	远古守护（远）：增加自身15远攻防御力。	0	6	30000	0	0	[rangedefense]	[557,557,557]	[]	0
750000015	8	远古守护（远）	远古守护（远）：增加自身28远攻防御力。	0	6	30000	0	0	[rangedefense]	[547,547,547]	[]	0
750000015	7	远古守护（远）	远古守护（远）：增加自身40远攻防御力。	0	6	30000	0	0	[rangedefense]	[428,428,428]	[]	0
750000015	6	远古守护（远）	远古守护（远）：增加自身67远攻防御力。	0	6	30000	0	0	[rangedefense]	[220,220,220]	[]	0
750000015	5	远古守护（远）	远古守护（远）：增加自身108远攻防御力。	0	6	30000	0	0	[rangedefense]	[108,108,108]	[]	0
750000015	4	远古守护（远）	远古守护（远）：增加自身220远攻防御力。	0	6	30000	0	0	[rangedefense]	[67,67,67]	[]	0
750000015	3	远古守护（远）	远古守护（远）：增加自身428远攻防御力。	0	6	30000	0	0	[rangedefense]	[40,40,40]	[]	0
750000015	2	远古守护（远）	远古守护（远）：增加自身547远攻防御力。	0	6	30000	0	0	[rangedefense]	[28,28,28]	[]	0
750000015	1	远古守护（远）	远古守护（远）：增加自身557远攻防御力。	0	6	30000	0	0	[rangedefense]	[15,15,15]	[]	0
750000015	0	远古守护（远）	远古守护（远）：增加自身619远攻防御力。	0	6	30000	0	0	[rangedefense]	[0,0,0]	[]	0
750000016	10	远古守护（近）	远古守护（近）：增加自身近攻防御力。	0	6	30000	0	0	[meleedefense]	[619,619,619]	[]	0
750000016	9	远古守护（近）	远古守护（近）：增加自身15近攻防御力。	0	6	30000	0	0	[meleedefense]	[557,557,557]	[]	0
750000016	8	远古守护（近）	远古守护（近）：增加自身28近攻防御力。	0	6	30000	0	0	[meleedefense]	[547,547,547]	[]	0
750000016	7	远古守护（近）	远古守护（近）：增加自身40近攻防御力。	0	6	30000	0	0	[meleedefense]	[428,428,428]	[]	0
750000016	6	远古守护（近）	远古守护（近）：增加自身67近攻防御力。	0	6	30000	0	0	[meleedefense]	[220,220,220]	[]	0
750000016	5	远古守护（近）	远古守护（近）：增加自身108近攻防御力。	0	6	30000	0	0	[meleedefense]	[108,108,108]	[]	0
750000016	4	远古守护（近）	远古守护（近）：增加自身220近攻防御力。	0	6	30000	0	0	[meleedefense]	[67,67,67]	[]	0
750000016	3	远古守护（近）	远古守护（近）：增加自身428近攻防御力。	0	6	30000	0	0	[meleedefense]	[40,40,40]	[]	0
750000016	2	远古守护（近）	远古守护（近）：增加自身547近攻防御力。	0	6	30000	0	0	[meleedefense]	[28,28,28]	[]	0
750000016	1	远古守护（近）	远古守护（近）：增加自身557近攻防御力。	0	6	30000	0	0	[meleedefense]	[15,15,15]	[]	0
750000016	0	远古守护（近）	远古守护（近）：增加自身619近攻防御力。	0	6	30000	0	0	[meleedefense]	[0,0,0]	[]	0
750000017	10	远古守护（魔）	远古守护（魔）：增加自身魔攻防御力。	0	6	30000	0	0	[magicdefense]	[619,619,619]	[]	0
750000017	9	远古守护（魔）	远古守护（魔）：增加自身15魔攻防御力。	0	6	30000	0	0	[magicdefense]	[557,557,557]	[]	0
750000017	8	远古守护（魔）	远古守护（魔）：增加自身28魔攻防御力。	0	6	30000	0	0	[magicdefense]	[547,547,547]	[]	0
750000017	7	远古守护（魔）	远古守护（魔）：增加自身40魔攻防御力。	0	6	30000	0	0	[magicdefense]	[428,428,428]	[]	0
750000017	6	远古守护（魔）	远古守护（魔）：增加自身67魔攻防御力。	0	6	30000	0	0	[magicdefense]	[220,220,220]	[]	0
750000017	5	远古守护（魔）	远古守护（魔）：增加自身108魔攻防御力。	0	6	30000	0	0	[magicdefense]	[108,108,108]	[]	0
750000017	4	远古守护（魔）	远古守护（魔）：增加自身220魔攻防御力。	0	6	30000	0	0	[magicdefense]	[67,67,67]	[]	0
750000017	3	远古守护（魔）	远古守护（魔）：增加自身428魔攻防御力。	0	6	30000	0	0	[magicdefense]	[40,40,40]	[]	0
750000017	2	远古守护（魔）	远古守护（魔）：增加自身547魔攻防御力。	0	6	30000	0	0	[magicdefense]	[28,28,28]	[]	0
750000017	1	远古守护（魔）	远古守护（魔）：增加自身557魔攻防御力。	0	6	30000	0	0	[magicdefense]	[15,15,15]	[]	0
750000017	0	远古守护（魔）	远古守护（魔）：增加自身619魔攻防御力。	0	6	30000	0	0	[magicdefense]	[0,0,0]	[]	0
750000018	8	棋魂加血BUFF	增加自身生命值上限	0	6	-1	0	0	[hpmax,hpeffect]	[773073,773073]	[]	0
750000018	7	棋魂加血BUFF	增加自身生命值上限	0	6	-1	0	0	[hpmax,hpeffect]	[377811,377811]	[]	0
750000018	6	棋魂加血BUFF	增加自身生命值上限	0	6	-1	0	0	[hpmax,hpeffect]	[315693,315693]	[]	0
750000018	5	棋魂加血BUFF	增加自身生命值上限	0	6	-1	0	0	[hpmax,hpeffect]	[227304,227304]	[]	0
750000018	4	棋魂加血BUFF	增加自身生命值上限	0	6	-1	0	0	[hpmax,hpeffect]	[133686,133686]	[]	0
750000018	3	棋魂加血BUFF	增加自身生命值上限	0	6	-1	0	0	[hpmax,hpeffect]	[98091,98091]	[]	0
750000018	2	棋魂加血BUFF	增加自身生命值上限	0	6	-1	0	0	[hpmax,hpeffect]	[67473,67473]	[]	0
750000018	1	棋魂加血BUFF	增加自身生命值上限	0	6	-1	0	0	[hpmax,hpeffect]	[30177,30177]	[]	0
750000019	8	棋魂加血BUFF	增加自身生命值上限	0	6	-1	0	0	[hpmax,hpeffect]	[494235,494235]	[]	0
750000019	7	棋魂加血BUFF	增加自身生命值上限	0	6	-1	0	0	[hpmax,hpeffect]	[292068,292068]	[]	0
750000019	6	棋魂加血BUFF	增加自身生命值上限	0	6	-1	0	0	[hpmax,hpeffect]	[171675,171675]	[]	0
750000019	5	棋魂加血BUFF	增加自身生命值上限	0	6	-1	0	0	[hpmax,hpeffect]	[121023,121023]	[]	0
750000019	4	棋魂加血BUFF	增加自身生命值上限	0	6	-1	0	0	[hpmax,hpeffect]	[102060,102060]	[]	0
750000019	3	棋魂加血BUFF	增加自身生命值上限	0	6	-1	0	0	[hpmax,hpeffect]	[68040,68040]	[]	0
750000019	2	棋魂加血BUFF	增加自身生命值上限	0	6	-1	0	0	[hpmax,hpeffect]	[44667,44667]	[]	0
750000019	1	棋魂加血BUFF	增加自身生命值上限	0	6	-1	0	0	[hpmax,hpeffect]	[33327,33327]	[]	0
750000020	5	棋魂自动回复	每秒回复1238生命值	0	6	1200000	1000	0	[hpeffect]	[16880]	[]	0
750000020	4	棋魂自动回复	每秒回复1486生命值	0	6	1200000	1000	0	[hpeffect]	[11746]	[]	0
750000020	3	棋魂自动回复	每秒回复3164生命值	0	6	1200000	1000	0	[hpeffect]	[3164]	[]	0
750000020	2	棋魂自动回复	每秒回复11746生命值	0	6	1200000	1000	0	[hpeffect]	[1486]	[]	0
750000020	1	棋魂自动回复	每秒回复16880生命值	0	6	1200000	1000	0	[hpeffect]	[1238]	[]	0
750000021	6	棋魂自动回复	每秒回复641生命值	0	6	1200000	1000	0	[hpeffect]	[51979]	[]	0
750000021	5	棋魂自动回复	每秒回复4630生命值	0	6	1200000	1000	0	[hpeffect]	[29547]	[]	0
750000021	4	棋魂自动回复	每秒回复5377生命值	0	6	1200000	1000	0	[hpeffect]	[10440]	[]	0
750000021	3	棋魂自动回复	每秒回复10440生命值	0	6	1200000	1000	0	[hpeffect]	[5377]	[]	0
750000021	2	棋魂自动回复	每秒回复29547生命值	0	6	1200000	1000	0	[hpeffect]	[4630]	[]	0
750000021	1	棋魂自动回复	每秒回复51979生命值	0	6	1200000	1000	0	[hpeffect]	[641]	[]	0
770000001	30	提升玩家的攻击力（攻击灵符）	提升攻击力	0	6	0	0	0	[magicpower,rangepower,meleepower]	[788,788,788]	[]	0
770000001	29	提升玩家的攻击力（攻击灵符）	提升攻击力	0	6	0	0	0	[magicpower,rangepower,meleepower]	[743,743,743]	[]	0
770000001	28	提升玩家的攻击力（攻击灵符）	提升攻击力	0	6	0	0	0	[magicpower,rangepower,meleepower]	[727,727,727]	[]	0
770000001	27	提升玩家的攻击力（攻击灵符）	提升攻击力	0	6	0	0	0	[magicpower,rangepower,meleepower]	[711,711,711]	[]	0
770000001	26	提升玩家的攻击力（攻击灵符）	提升攻击力	0	6	0	0	0	[magicpower,rangepower,meleepower]	[695,695,695]	[]	0
770000001	25	提升玩家的攻击力（攻击灵符）	提升攻击力	0	6	0	0	0	[magicpower,rangepower,meleepower]	[680,680,680]	[]	0
770000001	24	提升玩家的攻击力（攻击灵符）	提升攻击力	0	6	144000	1000	0	[magicpower,rangepower,meleepower]	[664,664,664]	[]	0
770000001	23	提升玩家的攻击力（攻击灵符）	提升攻击力	0	6	120000	1000	0	[magicpower,rangepower,meleepower]	[646,646,646]	[]	0
770000001	22	提升玩家的攻击力（攻击灵符）	提升攻击力	0	6	120000	1000	0	[magicpower,rangepower,meleepower]	[606,606,606]	[]	0
770000001	21	提升玩家的攻击力（攻击灵符）	提升攻击力	0	6	144000	1000	0	[magicpower,rangepower,meleepower]	[530,530,530]	[]	0
770000001	20	提升玩家的攻击力（攻击灵符）	提升攻击力	0	6	120000	1000	0	[magicpower,rangepower,meleepower]	[514,514,514]	[]	0
770000001	19	提升玩家的攻击力（攻击灵符）	提升攻击力	0	6	120000	1000	0	[magicpower,rangepower,meleepower]	[499,499,499]	[]	0
770000001	18	提升玩家的攻击力（攻击灵符）	提升攻击力	0	6	144000	1000	0	[magicpower,rangepower,meleepower]	[426,426,426]	[]	0
770000001	17	提升玩家的攻击力（攻击灵符）	提升攻击力	0	6	120000	1000	0	[magicpower,rangepower,meleepower]	[413,413,413]	[]	0
770000001	16	提升玩家的攻击力（攻击灵符）	提升攻击力	0	6	120000	1000	0	[magicpower,rangepower,meleepower]	[395,395,395]	[]	0
770000001	15	提升玩家的攻击力（攻击灵符）	提升攻击力	0	6	72000	1000	0	[magicpower,rangepower,meleepower]	[334,334,334]	[]	0
770000001	14	提升玩家的攻击力（攻击灵符）	提升攻击力	0	6	60000	1000	0	[magicpower,rangepower,meleepower]	[312,312,312]	[]	0
770000001	13	提升玩家的攻击力（攻击灵符）	提升攻击力	0	6	60000	1000	0	[magicpower,rangepower,meleepower]	[303,303,303]	[]	0
770000001	12	提升玩家的攻击力（攻击灵符）	提升攻击力	0	6	72000	1000	0	[magicpower,rangepower,meleepower]	[291,291,291]	[]	0
770000001	11	提升玩家的攻击力（攻击灵符）	提升攻击力	0	6	60000	1000	0	[magicpower,rangepower,meleepower]	[283,283,283]	[]	0
770000001	10	提升玩家的攻击力（攻击灵符）	提升攻击力	0	6	60000	1000	0	[magicpower,rangepower,meleepower]	[271,271,271]	[]	0
770000001	9	提升玩家的攻击力（攻击灵符）	提升攻击力	0	6	72000	1000	0	[magicpower,rangepower,meleepower]	[223,223,223]	[]	0
770000001	8	提升玩家的攻击力（攻击灵符）	提升攻击力	0	6	60000	1000	0	[magicpower,rangepower,meleepower]	[204,204,204]	[]	0
770000001	7	提升玩家的攻击力（攻击灵符）	提升攻击力	0	6	60000	1000	0	[magicpower,rangepower,meleepower]	[194,194,194]	[]	0
770000001	6	提升玩家的攻击力（攻击灵符）	提升攻击力	0	6	72000	1000	0	[magicpower,rangepower,meleepower]	[151,151,151]	[]	0
770000001	5	提升玩家的攻击力（攻击灵符）	提升攻击力	0	6	60000	1000	0	[magicpower,rangepower,meleepower]	[137,137,137]	[]	0
770000001	4	提升玩家的攻击力（攻击灵符）	提升攻击力	0	6	60000	1000	0	[magicpower,rangepower,meleepower]	[127,127,127]	[]	0
770000001	3	提升玩家的攻击力（攻击灵符）	提升攻击力	0	6	36000	1000	0	[magicpower,rangepower,meleepower]	[119,119,119]	[]	0
770000001	2	提升玩家的攻击力（攻击灵符）	提升攻击力	0	6	30000	1000	0	[magicpower,rangepower,meleepower]	[107,107,107]	[]	0
770000001	1	提升玩家的攻击力（攻击灵符）	提升攻击力	0	6	30000	1000	0	[rangepower,magicpower,meleepower]	[98,98,98]	[]	0
770000002	30	提升玩家的防御力（防御灵符）	提升防御力	0	6	0	0	0	[meleedefense,rangedefense,magicdefense]	[554,554,554]	[]	0
770000002	29	提升玩家的防御力（防御灵符）	提升防御力	0	6	0	0	0	[meleedefense,rangedefense,magicdefense]	[521,521,521]	[]	0
770000002	28	提升玩家的防御力（防御灵符）	提升防御力	0	6	0	0	0	[meleedefense,rangedefense,magicdefense]	[509,509,509]	[]	0
770000002	27	提升玩家的防御力（防御灵符）	提升防御力	0	6	0	0	0	[meleedefense,rangedefense,magicdefense]	[498,498,498]	[]	0
770000002	26	提升玩家的防御力（防御灵符）	提升防御力	0	6	0	0	0	[meleedefense,rangedefense,magicdefense]	[486,486,486]	[]	0
770000002	25	提升玩家的防御力（防御灵符）	提升防御力	0	6	0	0	0	[meleedefense,rangedefense,magicdefense]	[475,475,475]	[]	0
770000002	24	提升玩家的防御力（防御灵符）	提升防御力	0	6	144000	1000	0	[meleedefense,rangedefense,magicdefense]	[463,463,463]	[]	0
770000002	23	提升玩家的防御力（防御灵符）	提升防御力	0	6	120000	1000	0	[meleedefense,rangedefense,magicdefense]	[451,451,451]	[]	0
770000002	22	提升玩家的防御力（防御灵符）	提升防御力	0	6	120000	1000	0	[meleedefense,rangedefense,magicdefense]	[421,421,421]	[]	0
770000002	21	提升玩家的防御力（防御灵符）	提升防御力	0	6	144000	1000	0	[meleedefense,rangedefense,magicdefense]	[367,367,367]	[]	0
770000002	20	提升玩家的防御力（防御灵符）	提升防御力	0	6	120000	1000	0	[meleedefense,rangedefense,magicdefense]	[356,356,356]	[]	0
770000002	19	提升玩家的防御力（防御灵符）	提升防御力	0	6	120000	1000	0	[meleedefense,rangedefense,magicdefense]	[345,345,345]	[]	0
770000002	18	提升玩家的防御力（防御灵符）	提升防御力	0	6	144000	1000	0	[meleedefense,rangedefense,magicdefense]	[294,294,294]	[]	0
770000002	17	提升玩家的防御力（防御灵符）	提升防御力	0	6	120000	1000	0	[meleedefense,rangedefense,magicdefense]	[284,284,284]	[]	0
770000002	16	提升玩家的防御力（防御灵符）	提升防御力	0	6	120000	1000	0	[meleedefense,rangedefense,magicdefense]	[271,271,271]	[]	0
770000002	15	提升玩家的防御力（防御灵符）	提升防御力	0	6	72000	1000	0	[meleedefense,rangedefense,magicdefense]	[229,229,229]	[]	0
770000002	14	提升玩家的防御力（防御灵符）	提升防御力	0	6	60000	1000	0	[meleedefense,rangedefense,magicdefense]	[211,211,211]	[]	0
770000002	13	提升玩家的防御力（防御灵符）	提升防御力	0	6	60000	1000	0	[meleedefense,rangedefense,magicdefense]	[206,206,206]	[]	0
770000002	12	提升玩家的防御力（防御灵符）	提升防御力	0	6	72000	1000	0	[meleedefense,rangedefense,magicdefense]	[197,197,197]	[]	0
770000002	11	提升玩家的防御力（防御灵符）	提升防御力	0	6	60000	1000	0	[meleedefense,rangedefense,magicdefense]	[192,192,192]	[]	0
770000002	10	提升玩家的防御力（防御灵符）	提升防御力	0	6	60000	1000	0	[meleedefense,rangedefense,magicdefense]	[183,183,183]	[]	0
770000002	9	提升玩家的防御力（防御灵符）	提升防御力	0	6	72000	1000	0	[meleedefense,rangedefense,magicdefense]	[151,151,151]	[]	0
770000002	8	提升玩家的防御力（防御灵符）	提升防御力	0	6	60000	1000	0	[meleedefense,rangedefense,magicdefense]	[137,137,137]	[]	0
770000002	7	提升玩家的防御力（防御灵符）	提升防御力	0	6	60000	1000	0	[meleedefense,rangedefense,magicdefense]	[131,131,131]	[]	0
770000002	6	提升玩家的防御力（防御灵符）	提升防御力	0	6	72000	1000	0	[meleedefense,rangedefense,magicdefense]	[101,101,101]	[]	0
770000002	5	提升玩家的防御力（防御灵符）	提升防御力	0	6	60000	1000	0	[meleedefense,rangedefense,magicdefense]	[91,91,91]	[]	0
770000002	4	提升玩家的防御力（防御灵符）	提升防御力	0	6	60000	1000	0	[meleedefense,rangedefense,magicdefense]	[84,84,84]	[]	0
770000002	3	提升玩家的防御力（防御灵符）	提升防御力	0	6	36000	1000	0	[meleedefense,rangedefense,magicdefense]	[78,78,78]	[]	0
770000002	2	提升玩家的防御力（防御灵符）	提升防御力	0	6	30000	1000	0	[meleedefense,rangedefense,magicdefense]	[69,69,69]	[]	0
770000002	1	提升玩家的防御力（防御灵符）	提升防御力	0	6	30000	1000	0	[magicdefense,rangedefense,meleedefense]	[64,64,64]	[]	0
770000003	30	水晶爆破（爆炸灵符）	水晶爆破	0	6	0	0	0	[hpeffect]	[-10503]	[]	0
770000003	29	水晶爆破（爆炸灵符）	水晶爆破	0	6	0	0	0	[hpeffect]	[-8255]	[]	0
770000003	28	水晶爆破（爆炸灵符）	水晶爆破	0	6	0	0	0	[hpeffect]	[-8078]	[]	0
770000003	27	水晶爆破（爆炸灵符）	水晶爆破	0	6	0	0	0	[hpeffect]	[-9484]	[]	0
770000003	26	水晶爆破（爆炸灵符）	水晶爆破	0	6	0	0	0	[hpeffect]	[-11590]	[]	0
770000003	25	水晶爆破（爆炸灵符）	水晶爆破	0	6	0	0	0	[hpeffect]	[-11328]	[]	0
770000003	24	水晶爆破（爆炸灵符）	水晶爆破	0	6	0	0	0	[hpeffect]	[-17713]	[]	0
770000003	23	水晶爆破（爆炸灵符）	水晶爆破	0	6	0	0	0	[hpeffect]	[-14359]	[]	0
770000003	22	水晶爆破（爆炸灵符）	水晶爆破	0	6	0	0	0	[hpeffect]	[-13469]	[]	0
770000003	21	水晶爆破（爆炸灵符）	水晶爆破	0	6	0	0	0	[hpeffect]	[-10598]	[]	0
770000003	20	水晶爆破（爆炸灵符）	水晶爆破	0	6	0	0	0	[hpeffect]	[-8568]	[]	0
770000003	19	水晶爆破（爆炸灵符）	水晶爆破	0	6	0	0	0	[hpeffect]	[-8321]	[]	0
770000003	18	水晶爆破（爆炸灵符）	水晶爆破	0	6	0	0	0	[hpeffect]	[-6819]	[]	0
770000003	17	水晶爆破（爆炸灵符）	水晶爆破	0	6	0	0	0	[hpeffect]	[-6881]	[]	0
770000003	16	水晶爆破（爆炸灵符）	水晶爆破	0	6	0	0	0	[hpeffect]	[-6588]	[]	0
770000003	15	水晶爆破（爆炸灵符）	水晶爆破	0	6	0	0	0	[hpeffect]	[-13355]	[]	0
770000003	14	水晶爆破（爆炸灵符）	水晶爆破	0	6	0	0	0	[hpeffect]	[-10396]	[]	0
770000003	13	水晶爆破（爆炸灵符）	水晶爆破	0	6	0	0	0	[hpeffect]	[-10106]	[]	0
770000003	12	水晶爆破（爆炸灵符）	水晶爆破	0	6	0	0	0	[hpeffect]	[-11648]	[]	0
770000003	11	水晶爆破（爆炸灵符）	水晶爆破	0	6	0	0	0	[hpeffect]	[-9423]	[]	0
770000003	10	水晶爆破（爆炸灵符）	水晶爆破	0	6	0	0	0	[hpeffect]	[-9023]	[]	0
770000003	9	水晶爆破（爆炸灵符）	水晶爆破	0	6	0	0	0	[hpeffect]	[-5940]	[]	0
770000003	8	水晶爆破（爆炸灵符）	水晶爆破	0	6	0	0	0	[hpeffect]	[-4544]	[]	0
770000003	7	水晶爆破（爆炸灵符）	水晶爆破	0	6	0	0	0	[hpeffect]	[-4316]	[]	0
770000003	6	水晶爆破（爆炸灵符）	水晶爆破	0	6	0	0	0	[hpeffect]	[-4031]	[]	0
770000003	5	水晶爆破（爆炸灵符）	水晶爆破	0	6	0	0	0	[hpeffect]	[-3049]	[]	0
770000003	4	水晶爆破（爆炸灵符）	水晶爆破	0	6	0	0	0	[hpeffect]	[-2820]	[]	0
770000003	3	水晶爆破（爆炸灵符）	水晶爆破	0	6	0	0	0	[hpeffect]	[0]	[]	0
770000003	2	水晶爆破（爆炸灵符）	水晶爆破	0	6	0	0	0	[hpeffect]	[0]	[]	0
770000003	1	水晶爆破（爆炸灵符）	水晶爆破	0	6	0	0	0	[hpeffect]	[0]	[]	0
770000004	13	每秒为玩家回复一定生命值	圣光之泉	0	6	1001	1000	0	[hpeffect]	[120]	[]	0
770000004	12	每秒为玩家回复一定生命值	圣光之泉	0	6	1001	1000	0	[hpeffect]	[113]	[]	0
770000004	11	每秒为玩家回复一定生命值	圣光之泉	0	6	1001	1000	0	[hpeffect]	[110]	[]	0
770000004	10	每秒为玩家回复一定生命值	圣光之泉	0	6	1001	1000	0	[hpeffect]	[107]	[]	0
770000004	9	每秒为玩家回复一定生命值	圣光之泉	0	6	1001	1000	0	[hpeffect]	[104]	[]	0
770000004	8	每秒为玩家回复一定生命值	圣光之泉	0	6	1001	1000	0	[hpeffect]	[101]	[]	0
770000004	7	每秒为玩家回复一定生命值	圣光之泉	0	6	1001	1000	0	[hpeffect]	[98]	[]	0
770000004	6	每秒为玩家回复一定生命值	圣光之泉	0	6	1001	1000	0	[hpeffect]	[95]	[]	0
770000004	5	每秒为玩家回复一定生命值	圣光之泉	0	6	1001	1000	0	[hpeffect]	[92]	[]	0
770000004	4	每秒为玩家回复一定生命值	圣光之泉	0	6	1001	1000	0	[hpeffect]	[89]	[]	0
770000004	3	每秒为玩家回复一定生命值	圣光之泉	0	6	1001	1000	0	[hpeffect]	[86]	[]	0
770000004	2	每秒为玩家回复一定生命值	圣光之泉	0	6	1001	1000	0	[hpeffect]	[83]	[]	0
770000004	1	每秒为玩家回复一定生命值	圣光之泉	0	6	1001	1000	0	[hpeffect]	[80]	[]	0
770000005	3	为玩家增加命中值	命中守护	0	6	1001	1000	0	[hitrate]	[2700]	[]	0
770000005	2	为玩家增加命中值	命中守护	0	6	1001	1000	0	[hitrate]	[2606]	[]	0
770000005	1	为玩家增加命中值	命中守护	0	6	1001	1000	0	[hitrate]	[2313]	[]	0
770000006	3	为玩家增加韧性值	强韧守护	0	6	1001	1000	0	[toughness]	[1241]	[]	0
770000006	2	为玩家增加韧性值	强韧守护	0	6	1001	1000	0	[toughness]	[1079]	[]	0
770000006	1	为玩家增加韧性值	强韧守护	0	6	1001	1000	0	[toughness]	[992]	[]	0
770000007	1	舍身爆破	舍身爆破	0	5	1000	0	0	[hpeffect]	[-100001]	[]	0
780000001	4	自爆	造成爆炸伤害2928点	0	6	0	0	0	[hpeffect]	[-23862]	[1]	0
780000001	3	自爆	造成爆炸伤害4263点	0	6	0	0	0	[hpeffect]	[-7910]	[1]	0
780000001	2	自爆	造成爆炸伤害7910点	0	6	0	0	0	[hpeffect]	[-4263]	[1]	0
780000001	1	自爆	造成爆炸伤害23862点	0	6	0	0	0	[hpeffect]	[-2928]	[1]	0
780000003	1	战争咆哮	攻击力提高295点，持续8秒	0	6	8000	0	0	[magicpower,rangepower,meleepower]	[295,295,295]	[1]	0
780000004	1	痛苦诅咒	每秒伤害150的生命值，持续30秒	0	4	30000	1000	0	[hpeffect]	[-150]	[1]	0
780000005	1	昏迷	无法移动和攻击，持续3秒	0	3	5000	0	0	[]	[]	[1]	0
780000006	1	定身	无法移动，持续3.5秒	0	1	3500	0	0	[]	[]	[1]	0
780000007	1	减速	削弱状态：移动速度降低60%	0	5	5000	0	0	[movespeed]	[-60]	[1]	0
780000009	1	恢复	每秒回复3%的生命值，持续10秒	0	6	10000	1000	0	[hpeffect_percent]	[3]	[1]	0
780000010	1	神龙治疗	每秒回复5%的生命值，持续4秒	0	6	4000	1000	0	[hpeffect_percent]	[5]	[1]	0
780000012	1	中毒	每秒伤害-189的生命值，持续10秒	0	4	10000	1000	0	[hpeffect]	[-189]	[1]	0
780000016	1	群体沉默	无法使用技能，持续8秒	0	2	8000	0	0	[]	[]	[1]	0
780000017	1	嗜血咆哮	攻击力提高332点，持续10秒	0	6	10000	0	0	[magicpower,rangepower,meleepower]	[332,332,332]	[1]	0
780000018	1	拯救治疗	每秒回复10%的生命值，持续1秒	0	6	1000	1001	0	[hpeffect_percent]	[10]	[1]	0
780000019	1	致命一击	无法移动和攻击，持续4秒	0	3	4000	0	0	[]	[]	[1]	0
780000021	1	暗影治疗	每秒回复20%的生命值，持续秒	0	6	0	1000	0	[hpeffect_percent]	[20]	[1]	0
780000022	1	虚弱诅咒	每秒伤害-321的生命值，持续10秒	0	4	10000	1000	0	[hpeffect]	[-321]	[1]	0
790000001	1	定身	无法移动，持续3.5秒	0	1	3000	0	0	[]	[]	[1]	0
790000002	1	自由诅咒	降低自身昏迷、沉默抗性-500，持续4秒	0	6	4000	0	0	[daze_resist,silence_resist]	[-500,-500]	[1]	0
800000001	1	熊猫变身	变身为熊猫，提高生命值上限10%，持续2分钟	6	6	120000	0	0	[displayid,hpmax_percent]	[540000006,10]	[]	1
800000002	1	狼王变身	变身为狼王，提高攻击力10%，持续2分钟	6	6	120000	0	0	[displayid,rangepower_percent,magicpower_percent,meleepower_percent]	[411000053,10,10,10]	[]	1
800000003	1	比蒙王变身	变身为比蒙王，提高防御力10%，持续2分钟	6	6	120000	0	0	[displayid,magicdefense_percent,rangedefense_percent,meleedefense_percent]	[540000009,10,10,10]	[]	1
800000004	1	月神变身	变身为月神，提高攻击、防御力10%，持续2分钟	6	6	120000	0	0	[displayid,magicdefense_percent,rangedefense_percent,meleedefense_percent,rangepower_percent,magicpower_percent,meleepower_percent]	[540000002,10,10,10,10,10,10]	[]	1
800000005	1	下品仙丹	提升自身攻击、防御1%	0	6	120000	0	0	[rangepower_percent,magicpower_percent,meleepower_percent,magicdefense_percent,rangedefense_percent,meleedefense_percent]	[1,1,1,1,1,1]	[]	1
800000007	1	无敌神咒	自身处于无敌状态，持续15秒。	0	7	15000	0	0	[]	[]	[]	1
800000008	1	镖师的祝福	减少自身所受到的伤害，持续2分30秒！	0	6	150000	0	0	[meleeimmunity,magicimmunity,rangeimmunity]	[700,700,700]	[1]	1
800000009	1	下品仙丹	提升自身攻击、防御1%	0	6	180000	0	0	[rangepower_percent,magicpower_percent,meleepower_percent,magicdefense_percent,rangedefense_percent,meleedefense_percent]	[1,1,1,1,1,1]	[]	1
800000010	1	中品仙丹	提升自身攻击、防御3%	0	6	180000	0	0	[rangepower_percent,magicpower_percent,meleepower_percent,magicdefense_percent,rangedefense_percent,meleedefense_percent]	[3,3,3,3,3,3]	[]	1
800000011	1	上品仙丹	提升自身攻击、防御5%	0	6	180000	0	0	[rangepower_percent,magicpower_percent,meleepower_percent,magicdefense_percent,rangedefense_percent,meleedefense_percent]	[5,5,5,5,5,5]	[]	1
800000012	1	暴击神咒	提升500点暴击，持续20秒	0	6	20000	0	0	[criticalrate]	[500]	[]	1
800000013	1	闪避神咒	提升300点闪避，持续20秒	0	6	20000	0	0	[dodge]	[300]	[]	1
800000014	1	复活保护	复活保护：在战场复活点复活后5秒内处于无敌状态。	0	7	5000	0	0	[]	[]	[2]	0
800000015	1	复活保护	复活保护：在战场复活点复活后处于无敌状态。	0	7	300000	0	0	[]	[]	[4]	0
800000016	3	初级加成区域	初级加成区域：每10秒可获得10倍灵力和经验加成。	0	6	-1	10000	0	[area_effect]	[0]	[]	0
800000016	2	中级加成区域	中级加成区域：每10秒可获得20倍灵力和经验加成。	0	6	-1	10000	0	[area_effect]	[0]	[]	0
800000016	1	高级加成区域	高级加成区域：每10秒可获得30倍灵力和经验加成。	0	6	-1	10000	0	[area_effect]	[0]	[]	0
800000017	5	10连斩	连斩数量达到10，攻击力提高3%。	0	6	600000	0	0	[rangepower_percent,magicpower_percent,meleepower_percent,hpmax_percent]	[15,15,15,15]	[]	0
800000017	4	20连斩	连斩数量达到20，攻击力提高5%。	0	6	600000	0	0	[rangepower_percent,magicpower_percent,meleepower_percent,hpmax_percent]	[10,10,10,10]	[]	0
800000017	3	30连斩	连斩数量达到30，攻击力提高8%，生命值提高5%。	0	6	600000	0	0	[rangepower_percent,magicpower_percent,meleepower_percent,hpmax_percent]	[8,8,8,5]	[]	0
800000017	2	50连斩	连斩数量达到50，攻击力提高10%，生命值提高10%。	0	6	600000	0	0	[rangepower_percent,magicpower_percent,meleepower_percent]	[5,5,5]	[]	0
800000017	1	100连斩	连斩数量达到100，攻击力提高15%，生命值提高15%。	0	6	600000	0	0	[rangepower_percent,magicpower_percent,meleepower_percent]	[3,3,3]	[]	0
803000001	1	瞬移	瞬间向前方移动一段距离	0	5	0	0	0	[movespeed]	[0]	[1]	0
803000002	10	灵魂爆发	攻击+147防御+91暴击+11，命中+11	0	6	15000	0	0	[magicpower,rangepower,meleepower,meleedefense,rangedefense,magicdefense,hitrate,criticalrate]	[1100,1100,1100,680,680,680,80,80]	[1]	1
803000002	9	灵魂爆发	攻击+147防御+91暴击+11，命中+11	0	6	15000	0	0	[magicpower,rangepower,meleepower,meleedefense,rangedefense,magicdefense,hitrate,criticalrate]	[880,880,880,544,544,544,64,64]	[1]	1
803000002	8	灵魂爆发	攻击+147防御+91暴击+11，命中+11	0	6	15000	0	0	[magicpower,rangepower,meleepower,meleedefense,rangedefense,magicdefense,hitrate,criticalrate]	[704,704,704,435,435,435,51,51]	[1]	1
803000002	7	灵魂爆发	攻击+147防御+91暴击+11，命中+11	0	6	15000	0	0	[magicpower,rangepower,meleepower,meleedefense,rangedefense,magicdefense,hitrate,criticalrate]	[563,563,563,348,348,348,41,41]	[1]	1
803000002	6	灵魂爆发	攻击+147防御+91暴击+11，命中+11	0	6	15000	0	0	[magicpower,rangepower,meleepower,meleedefense,rangedefense,magicdefense,hitrate,criticalrate]	[450,450,450,278,278,278,33,33]	[1]	1
803000002	5	灵魂爆发	攻击+147防御+91暴击+11，命中+11	0	6	15000	0	0	[magicpower,rangepower,meleepower,meleedefense,rangedefense,magicdefense,hitrate,criticalrate]	[360,360,360,222,222,222,26,26]	[1]	1
803000002	4	灵魂爆发	攻击+147防御+91暴击+11，命中+11	0	6	15000	0	0	[magicpower,rangepower,meleepower,meleedefense,rangedefense,magicdefense,hitrate,criticalrate]	[288,288,288,178,178,178,21,21]	[1]	1
803000002	3	灵魂爆发	攻击+147防御+91暴击+11，命中+11	0	6	15000	0	0	[magicpower,rangepower,meleepower,meleedefense,rangedefense,magicdefense,hitrate,criticalrate]	[230,230,230,142,142,142,17,17]	[1]	1
803000002	2	灵魂爆发	攻击+147防御+91暴击+11，命中+11	0	6	15000	0	0	[magicpower,rangepower,meleepower,meleedefense,rangedefense,magicdefense,hitrate,criticalrate]	[184,184,184,114,114,114,14,14]	[1]	1
803000002	1	灵魂爆发	攻击+147	0	6	15000	0	0	[magicpower,rangepower,meleepower,meleedefense,rangedefense,magicdefense,hitrate,criticalrate]	[147,147,147,91,91,91,11,11]	[1]	1
900000001	3	初级离火灵符	提高攻击力1%	0	6	-1	0	0	[magicpower_percent,rangepower_percent,meleepower_percent]	[6,6,6]	[]	0
900000001	2	中级离火灵符	提高攻击力3%	0	6	-1	0	0	[magicpower_percent,rangepower_percent,meleepower_percent]	[3,3,3]	[]	0
900000001	1	高级离火灵符	提高攻击力6%	0	6	-1	0	0	[magicpower_percent,rangepower_percent,meleepower_percent]	[1,1,1]	[]	0
900000002	3	初级坤地灵符	提高防御力1%	0	6	-1	0	0	[magicdefense_percent,rangedefense_percent,meleedefense_percent]	[6,6,6]	[]	0
900000002	2	中级坤地灵符	提高防御力3%	0	6	-1	0	0	[magicdefense_percent,rangedefense_percent,meleedefense_percent]	[3,3,3]	[]	0
900000002	1	高级坤地灵符	提高防御力6%	0	6	-1	0	0	[magicdefense_percent,rangedefense_percent,meleedefense_percent]	[1,1,1]	[]	0
900000003	3	初级兑泽灵符	提高生命1%	0	6	-1	0	0	[hpmax_percent]	[6]	[]	0
900000003	2	中级兑泽灵符	提高生命3%	0	6	-1	0	0	[hpmax_percent]	[3]	[]	0
900000003	1	高级兑泽灵符	提高生命6%	0	6	-1	0	0	[hpmax_percent]	[1]	[]	0
900000004	3	初级干天灵符	提高命中1%	0	6	-1	0	0	[hitrate_percent]	[6]	[]	0
900000004	2	中级干天灵符	提高命中3%	0	6	-1	0	0	[hitrate_percent]	[3]	[]	0
900000004	1	高级干天灵符	提高命中6%	0	6	-1	0	0	[hitrate_percent]	[1]	[]	0
900000005	3	初级坎水灵符	提高闪避1%	0	6	-1	0	0	[dodge_percent]	[6]	[]	0
900000005	2	中级坎水灵符	提高闪避3%	0	6	-1	0	0	[dodge_percent]	[3]	[]	0
900000005	1	高级坎水灵符	提高闪避6%	0	6	-1	0	0	[dodge_percent]	[1]	[]	0
900000006	3	初级艮山灵符	提高暴击1%	0	6	-1	0	0	[criticalrate_percent]	[6]	[]	0
900000006	2	中级艮山灵符	提高暴击3%	0	6	-1	0	0	[criticalrate_percent]	[3]	[]	0
900000006	1	高级艮山灵符	提高暴击6%	0	6	-1	0	0	[criticalrate_percent]	[1]	[]	0
900000007	3	初级震雷灵符	提高暴伤1%	0	6	-1	0	0	[criticaldestroyrate_percent]	[6]	[]	0
900000007	2	中级震雷灵符	提高暴伤3%	0	6	-1	0	0	[criticaldestroyrate_percent]	[3]	[]	0
900000007	1	高级震雷灵符	提高暴伤6%	0	6	-1	0	0	[criticaldestroyrate_percent]	[1]	[]	0
900000008	3	初级巽风灵符	提高韧性1%	0	6	-1	0	0	[toughness_percent]	[6]	[]	0
900000008	2	中级巽风灵符	提高韧性3%	0	6	-1	0	0	[toughness_percent]	[3]	[]	0
900000008	1	高级巽风灵符	提高韧性6%	0	6	-1	0	0	[toughness_percent]	[1]	[]	0
