id	type	scope	color	msg	color_replace

1150	10	instance	[[35,70,69,69,56,52,69],[35,51,51,57,57,102,102],[35,51,51,57,57,102,102],[35,51,51,57,57,102,102],[35,51,51,57,57,102,102]]	[[91,230,136,152,230,138,165,93,239,188,154],[230,156,141,231,154,132],[230,137,139,229,136,131,230,136,152,229,156,186,66,79,83,83],[239,188,140,228,184,128,232,186,171,230,152,175,232,131,134,239,188,140,232,142,183,229,190,151,230,136,152,229,156,186,231,167,175,229,136,134],[239,188,129]]	[2]
1149	10	world	[[35,70,69,69,56,52,69],[35,51,51,57,57,102,102],[],[]]	[[91,231,165,157,232,180,186,93,239,188,154],[229,188,128,229,144,175,228,186,134],[239,188,140,232,142,183,229,190,151,228,186,134,228,187,164,228,186,186,229,158,130,230,182,142,228,184,137,229,176,186,231,154,132],[239,188,129]]	[2,3]
1148	10	world	[[35,70,69,69,56,52,69],[35,51,51,57,57,102,102],[35,51,51,57,57,102,102],[35,102,99,97,53,48,102]]	[[91,228,188,160,233,151,187,93,239,188,154],[231,187,136,228,186,142,229,176,134,231,136,177,229,174,160],[232,191,155,233,152,182,228,184,186],[239,188,129,230,191,128,229,138,168,231,154,132,230,139,137,231,157,128,231,136,177,229,174,160,231,154,132,230,137,139,232,175,180,239,188,140,232,181,176,239,188,140,229,146,177,228,184,138,233,157,158,232,175,154,229,139,191,230,137,176,231,187,153,228,189,160,230,137,190,228,188,180,229,142,187,239,188,129]]	[2,3]
1147	10	world	[[35,70,69,69,56,52,69],[35,51,51,57,57,102,102],[35,102,102,48,48,48,48]]	[[91,228,188,160,233,151,187,93,239,188,154],[229,185,184,232,191,144,231,154,132,232,142,183,229,190,151,228,186,134],[239,188,140,230,173,164,229,174,160,229,143,170,229,186,148,229,164,169,228,184,138,230,156,137,239,188,140,229,143,170,229,155,160,230,183,152,230,176,148,232,144,189,228,186,186,233,151,180,227,128,130]]	[2]
1146	10	world	[[35,70,69,69,56,52,69],[35,51,51,57,57,102,102],[35,102,102,48,48,48,48]]	[[91,228,188,160,233,151,187,93,239,188,154],[232,142,183,229,190,151,228,186,134],[239,188,140,229,174,158,229,156,168,230,152,175,231,165,158,230,138,128,229,156,168,230,137,139,239,188,140,229,164,169,228,184,139,230,136,145,230,156,137,239,188,129]]	[2]
1145	9	world	[[35,70,69,69,56,52,69],[35,51,51,57,57,102,102],[],[35,48,48,102,102,48,48],[35,48,48,102,102,48,48]]	[[91,228,188,160,233,151,187,93,239,188,154],[229,176,134,229,174,160,231,137,169],[231,154,132,229,133,189,231,129,181,229,164,169,232,181,139],[230,143,144,229,141,135,229,136,176,228,186,134],[231,186,167,239,188,140,229,174,160,229,174,160,229,141,180,229,188,177,229,188,177,231,154,132,232,175,180,239,188,140,228,184,187,228,186,186,239,188,140,230,136,145,229,144,172,230,135,130,228,186,134,232,180,157,229,164,154,232,138,172,231,154,132,229,191,167,228,188,164,126]]	[2]
1144	9	world	[[35,70,69,69,56,52,69],[35,51,51,57,57,102,102],[],[35,102,102,48,48,48,48]]	[[91,228,188,160,233,151,187,93,239,188,154],[229,176,134,229,174,160,231,137,169],[231,154,132,230,136,144,233,149,191,230,143,144,229,141,135,229,136,176,228,186,134],[231,130,185,239,188,140,231,156,159,230,152,175,239,188,140,231,129,181,229,174,160,230,172,178,228,184,142,228,184,187,228,186,186,232,175,149,230,175,148,233,171,152,239,188,140,230,172,162,229,150,156,228,184,187,228,186,186,231,172,145,229,188,175,232,133,176,239,188,129]]	[2]
1143	9	world	[[35,70,69,69,56,52,69],[35,51,51,57,57,102,102],[],[35,102,102,48,48,48,48]]	[[91,228,188,160,233,151,187,93,239,188,154],[229,176,134,229,174,160,231,137,169],[231,154,132,232,181,132,232,180,168,230,143,144,229,141,135,229,136,176,228,186,134],[231,130,185,239,188,140,229,174,160,231,137,169,232,131,189,229,138,155,229,190,151,229,136,176,228,186,134,229,164,167,229,185,133,230,143,144,229,141,135,227,128,130,231,156,159,230,152,175,231,154,135,229,164,169,228,184,141,232,180,159,230,156,137,229,191,131,228,186,186,229,149,138,239,188,129]]	[2]
1142	10	world	[[35,70,69,69,56,52,69],[35,51,51,57,57,102,102],[35,102,102,48,48,48,48],[]]	[[91,228,188,160,233,151,187,93,239,188,154],[231,187,143,232,191,135,228,184,128,231,149,170,229,138,170,229,138,155,239,188,140,230,180,187,232,183,131,229,186,166,231,171,159,231,132,182,232,190,190,229,136,176,228,186,134],[231,130,185,239,188,140,233,162,134,229,143,150,228,186,134,228,187,164,228,186,186,229,158,130,230,182,142,228,184,137,229,176,186,231,154,132],[239,188,129]]	[1,3]
1141	10	instance	[[35,70,69,69,56,52,69],[35,51,51,57,57,102,102],[35,51,51,57,57,102,102],[35,51,51,57,57,102,102]]	[[91,230,136,152,230,138,165,93,239,188,154],[229,135,187,230,157,128],[239,188,140,233,152,181,232,144,165,229,163,171,230,176,148,229,164,167,230,140,175,239,188,140,232,131,156,229,136,169,229,128,188,229,162,158,229,138,160],[239,188,129]]	[1]
1140	9	world	[[35,70,69,69,56,52,69],[35,51,51,57,57,102,102],[],[35,48,48,70,70,48,48],[35,48,48,70,70,48,48]]	[[91,228,188,160,233,151,187,93,239,188,154,233,129,151,230,134,190,229,149,138,239,188,129],[231,154,132],[229,141,135],[230,152,159,229,164,177,232,180,165,239,188,140,231,173,137,231,186,167,230,142,137,229,136,176,228,186,134],[230,152,159,239,188,140,231,156,159,230,152,175,232,174,169,228,186,186,230,137,188,232,133,149,229,143,185,230,129,175,239,188,129]]	[2]
1139	8	world	[[35,70,69,69,56,52,69]]	[[91,229,133,172,229,145,138,93,239,188,154,229,184,174,228,188,154,232,129,154,231,129,181,229,183,178,231,187,143,229,188,128,229,144,175,239,188,140,229,155,158,229,136,176,229,184,174,228,188,154,233,169,187,229,156,176,229,143,175,232,142,183,229,190,151,229,164,167,233,135,143,231,187,143,233,170,140,228,184,142,231,129,181,229,138,155,239,188,129]]	[]
1138	9	world	[[35,70,69,69,56,52,69],[35,51,51,57,57,102,102],[],[35,48,48,70,70,48,48]]	[[91,228,188,160,233,151,187,93,239,188,154,230,131,138,233,153,169,229,149,138,239,188,129],[231,154,132],[229,141,135],[230,152,159,229,164,177,232,180,165,239,188,140,228,189,191,231,148,168,228,186,134,228,191,157,230,138,164,231,159,179,228,191,157,233,154,156,228,186,134,229,141,135,230,152,159,231,173,137,231,186,167,228,184,141,228,184,139,233,153,141,227,128,130,231,156,159,230,152,175,230,159,179,230,154,151,232,138,177,230,152,142,239,188,140,229,144,166,230,158,129,230,179,176,230,157,165,239,188,129]]	[2]
1137	10	world	[[35,70,69,69,56,52,69],[35,51,51,57,57,102,102],[35,102,102,48,48,48,48]]	[[91,229,133,172,229,145,138,93,239,188,154],[229,184,174,228,188,154,229,156,168,230,153,182,231,159,179,228,186,137,229,164,186,230,136,152,228,184,173,232,142,183,229,190,151,231,172,172],[229,144,141,239,188,129]]	[1,2]
1136	8	instance	[[35,70,69,69,56,52,69],[35,51,51,57,57,102,102],[35,102,102,48,48,48,48],[35,48,48,70,70,48,48]]	[[91,228,188,160,233,151,187,93,239,188,154],[229,156,168,230,153,182,231,159,179,228,186,137,229,164,186,230,136,152,228,184,173,230,136,144,229,138,159,231,160,180,229,157,143],[239,188,140,228,184,186,229,184,174,228,188,154,229,162,158,229,138,160],[231,167,175,229,136,134,239,188,140,230,146,146,232,138,177]]	[1,2,3]
1134	10	world	[[35,70,69,69,56,52,69],[35,51,51,57,57,102,102],[35,51,51,57,57,102,102],[35,51,51,57,57,102,102]]	[[91,229,133,172,229,145,138,93,239,188,154],[232,167,166,231,138,175,228,186,134,228,188,151,230,128,146,239,188,140,232,162,171],[],[228,184,165,228,187,164,233,128,154,231,188,137,239,188,140,229,162,158,229,138,160,228,186,134,49,48,48,231,130,185,231,189,170,230,129,182,229,128,188,239,188,129]]	[1,3]
1133	10	world	[[35,70,69,69,56,52,69],[35,51,51,57,57,102,102],[35,51,51,57,57,102,102],[35,51,51,57,57,102,102]]	[[91,229,133,172,229,145,138,93,239,188,154],[],[230,133,136,230,130,178,228,184,186,230,128,128,239,188,140,232,181,166,229,133,141,228,186,134],[49,48,48,231,130,185,231,189,170,230,129,182,229,128,188,239,188,129]]	[2,3]
1132	10	world	[[35,70,69,69,56,52,69],[35,51,51,57,57,102,102],[35,51,51,57,57,102,102],[35,51,51,57,57,102,102]]	[[91,229,133,172,229,145,138,93,239,188,154],[232,168,128,229,164,154,229,191,133,229,164,177,239,188,140,232,162,171],[],[231,166,129,232,168,128,51,48,229,136,134,233,146,159,239,188,129]]	[1,3]
1131	10	world	[[35,70,69,69,56,52,69],[35,51,51,57,57,102,102],[35,51,51,57,57,102,102],[35,51,51,57,57,102,102]]	[[91,229,133,172,229,145,138,93,239,188,154],[],[228,187,187,229,145,189],[228,184,186,231,142,139,229,155,189,229,141,171,233,152,159,230,136,144,229,145,152,239,188,129]]	[2,3]
1130	10	world	[[35,70,69,69,56,52,69],[35,51,51,57,57,102,102],[35,51,51,57,57,102,102],[35,51,51,57,57,102,102]]	[[91,229,133,172,229,145,138,93,239,188,154],[],[228,187,187,229,145,189],[228,184,186,231,142,139,229,155,189,229,164,167,229,176,134,229,134,155,239,188,129]]	[2,3]
1129	10	world	[[35,70,69,69,56,52,69],[35,51,51,57,57,102,102],[35,51,51,57,57,102,102]]	[[91,229,133,172,229,145,138,93,239,188,154],[229,184,174,228,188,154,231,154,132,229,184,174,228,184,187],[229,156,168,229,155,189,231,142,139,228,186,137,229,164,186,230,136,152,228,184,173,232,131,156,229,135,186,239,188,140,230,136,144,228,184,186,230,150,176,228,184,128,228,187,163,231,154,132,229,155,189,231,142,139,239,188,129]]	[2]
1128	8	world	[[35,70,69,69,56,52,69]]	[[91,229,133,172,229,145,138,93,239,188,154,229,133,168,230,156,141,232,191,144,233,149,150,229,183,178,231,187,143,229,188,128,229,144,175,239,188,140,230,173,164,230,151,182,232,191,144,233,149,150,229,143,175,232,142,183,229,190,151,229,143,140,229,128,141,229,165,150,229,138,177,239,188,140,232,175,183,228,188,151,229,139,135,229,163,171,233,128,159,233,128,159,229,137,141,229,190,128,230,142,165,233,149,150,239,188,129]]	[]
1127	10	world	[[35,70,69,69,56,52,69],[35,51,51,57,57,102,102],[35,51,51,57,57,102,102]]	[[91,228,188,160,233,151,187,93,239,188,154],[230,180,151,229,138,171,228,186,134],[231,154,132,233,149,150,232,189,166,239,188,140,229,174,158,229,156,168,230,152,175,229,164,170,230,131,168,230,151,160,228,186,186,233,129,147,228,186,134,226,128,166,226,128,166]]	[]
1125	10	world	[[35,70,69,69,56,52,69],[35,51,51,57,57,102,102],[]]	[[91,228,188,160,233,151,187,93,239,188,154],[228,189,191,231,148,168,229,136,183,233,149,150,229,138,159,232,131,189,230,136,144,229,138,159,230,142,165,229,143,150,228,186,134],[239,188,129,229,175,140,232,180,181,232,191,152,233,161,187,233,153,169,228,184,173,230,177,130,239,188,129]]	[2]
1123	8	world	[[35,70,69,69,56,52,69],[35,51,51,57,57,102,102],[35,51,51,57,57,102,102]]	[[91,228,188,160,233,151,187,93,239,188,154],[229,176,134],[231,187,179,228,185,139,228,186,142,230,179,149,239,188,140,230,138,188,233,128,129,231,155,145,231,139,177,239,188,140,228,188,151,228,186,186,230,139,141,230,137,139,231,167,176,229,191,171,239,188,129]]	[]
1122	10	world	[[35,70,69,69,56,52,69],[35,51,51,57,57,102,102]]	[[91,228,188,160,233,151,187,93,239,188,154],[231,187,136,228,186,142,232,142,183,229,190,151,230,184,133,231,153,189,228,185,139,232,186,171,239,188,140,230,180,151,229,191,131,233,157,169,233,157,162,239,188,140,233,135,141,230,150,176,229,129,154,228,186,186,227,128,130]]	[]
1121	10	world	[[35,70,69,69,56,52,69],[35,51,51,57,57,102,102]]	[[91,228,188,160,233,151,187,93,239,188,154],[230,157,128,228,186,186,229,166,130,233,186,187,239,188,140,231,189,170,229,164,167,230,129,182,230,158,129,239,188,140,229,183,178,232,162,171,229,155,189,231,142,139,228,184,139,228,187,164,233,128,154,231,188,137,239,188,129]]	[]
1120	10	world	[[35,70,69,69,56,52,69],[35,51,51,57,57,102,102]]	[[91,228,188,160,233,151,187,93,239,188,154],[229,183,178,230,157,128,230,136,174,230,136,144,231,139,130,239,188,140,229,151,156,232,161,128,230,136,144,230,128,167,239,188,129]]	[]
1111	10	world	[[35,70,69,69,56,52,69],[35,51,51,57,57,102,102],[]]	[[91,231,165,157,232,180,186,93,239,188,154,230,129,173,229,150,156],[232,142,183,229,190,151,230,158,129,229,147,129,233,129,147,229,133,183],[]]	[2]
1110	10	world	[[35,70,69,69,56,52,69],[35,51,51,57,57,102,102],[35,51,51,57,57,102,102],[35,102,99,97,53,48,102]]	[[91,228,188,160,233,151,187,93,239,188,154],[229,176,134,231,136,177,229,174,160],[232,191,155,229,140,150,228,184,186],[239,188,129,230,151,160,230,175,148,230,139,137,233,163,142]]	[2,3]
1108	10	world	[[35,70,69,69,56,52,69],[35,51,51,57,57,102,102],[35,101,50,48,101,50,53]]	[[91,228,188,160,233,151,187,93,239,188,154],[229,183,178,232,162,171,229,180,135,230,139,156],[230,172,161,239,188,140,231,156,159,228,185,131,32,228,185,157,229,164,169,230,143,189,230,156,136,239,188,140,230,183,177,230,181,183,231,188,154,233,190,153,227,128,130,229,143,170,230,137,139,233,129,174,229,164,169,239,188,140,231,167,176,233,156,184,231,190,164,233,155,132,239,188,129]]	[]
1107	10	world	[[35,70,69,69,56,52,69],[35,51,51,57,57,102,102],[35,101,50,48,101,50,52]]	[[91,228,188,160,233,151,187,93,239,188,154],[229,183,178,232,162,171,229,180,135,230,139,156],[230,172,161,239,188,140,229,143,175,232,176,147,32,229,144,141,228,188,160,232,139,141,232,140,171,229,164,167,229,156,176,239,188,140,229,163,176,233,156,135,229,133,173,229,144,136,229,133,171,230,150,185,239,188,129]]	[]
1106	10	world	[[35,70,69,69,56,52,69],[35,51,51,57,57,102,102],[35,101,50,48,101,50,51]]	[[91,228,188,160,233,151,187,93,239,188,154],[229,183,178,232,162,171,229,180,135,230,139,156],[230,172,161,239,188,140,231,156,159,230,152,175,32,228,188,151,229,143,163,228,188,160,229,148,177,228,184,135,229,143,164,229,144,141,239,188,140,228,184,176,229,138,159,228,188,159,231,187,169,231,133,167,230,177,151,233,157,146,239,188,129]]	[]
1105	10	world	[[35,70,69,69,56,52,69],[35,51,51,57,57,102,102],[35,101,50,48,101,50,50]]	[[91,228,188,160,233,151,187,93,239,188,154],[229,183,178,232,162,171,229,180,135,230,139,156],[230,172,161,239,188,140,230,173,163,230,152,175,32,229,164,167,230,177,159,228,184,156,229,142,187,239,188,140,230,181,170,230,183,152,229,176,189,239,188,140,229,141,131,229,143,164,233,163,142,230,181,129,228,186,186,231,137,169,239,188,129]]	[]
1104	10	world	[[35,70,69,69,56,52,69],[35,51,51,57,57,102,102],[35,101,50,48,101,50,49]]	[[91,228,188,160,233,151,187,93,239,188,154],[229,183,178,232,162,171,233,132,153,232,167,134],[230,172,161,239,188,140,231,156,159,228,185,131,32,233,155,132,228,184,173,233,155,132,239,188,140,233,129,147,228,184,141,229,144,140,239,188,140,231,156,139,231,160,180,228,184,135,229,143,164,228,187,129,228,185,137,229,144,141,239,188,129]]	[]
1103	10	world	[[35,70,69,69,56,52,69],[35,51,51,57,57,102,102],[35,101,50,48,101,50,48]]	[[91,228,188,160,233,151,187,93,239,188,154],[229,183,178,232,162,171,233,132,153,232,167,134],[230,172,161,239,188,140,229,143,175,232,176,147,32,229,174,129,230,149,153,228,184,135,228,186,186,229,136,135,233,189,191,230,129,168,239,188,140,232,142,171,230,149,153,230,151,160,230,156,137,233,170,130,230,136,145,228,186,186,239,188,129]]	[]
1102	10	world	[[35,70,69,69,56,52,69],[35,51,51,57,57,102,102],[35,101,50,48,101,49,57]]	[[91,228,188,160,233,151,187,93,239,188,154],[229,183,178,232,162,171,233,132,153,232,167,134],[230,172,161,239,188,140,231,156,159,230,152,175,32,231,190,142,229,144,141,228,184,141,231,136,177,231,136,177,230,129,182,229,144,141,239,188,140,229,164,167,229,165,184,228,188,188,229,191,160,229,191,131,228,184,141,230,131,169,239,188,129]]	[]
1101	10	world	[[35,70,69,69,56,52,69],[35,51,51,57,57,102,102],[35,101,50,48,101,49,56]]	[[91,228,188,160,233,151,187,93,239,188,154],[229,183,178,232,162,171,233,132,153,232,167,134],[230,172,161,239,188,140,230,173,163,230,152,175,32,228,184,128,231,156,188,230,156,155,229,142,187,229,176,189,228,184,173,230,140,135,239,188,140,230,168,170,231,156,137,229,134,183,229,175,185,229,141,131,229,164,171,232,128,187,239,188,129]]	[]
1011	10	world	[[35,70,69,69,56,52,69],[35,51,51,57,57,102,102],[35,51,51,57,57,102,102]]	[[91,228,188,160,233,151,187,93,239,188,154],[229,185,184,232,191,144,231,154,132,229,156,168,229,149,134,229,159,142,228,184,173,232,180,173,228,185,176,229,136,176,228,186,134],[239,188,140,233,173,148,231,139,174,232,174,164,228,184,187,228,187,142,230,173,164,228,184,150,233,151,180,229,134,141,230,183,187,228,184,128,228,189,141,230,136,152,231,154,135,227,128,130]]	[2]
1008	10	allserver	[[35,70,69,69,56,52,69],[35,101,50,48,101,49,56],[35,51,51,57,57,102,102],[35,48,101,102,53,98,99],[35,101,50,48,101,49,56],[35,51,51,57,57,102,102]]	[[],[231,154,132],[229,156,168],[229,176,134],[231,154,132],[230,150,169,230,157,128,239,188,140,230,168,170,229,136,128,231,171,139,233,169,172,239,188,140,228,187,176,229,164,169,233,149,191,229,149,184,239,188,154,226,128,156,230,130,172,229,176,148,228,185,139,233,166,150,44,228,187,165,231,164,186,228,184,135,233,135,140,44,230,149,162,231,138,175,229,188,186,232,128,133,44,232,153,189,232,191,156,229,191,133,232,175,155,33,226,128,157]]	[]
1006	10	world	[[35,70,69,69,56,52,69],[35,51,51,57,57,102,102],[],[]]	[[91,228,188,160,233,151,187,93,239,188,154],[230,156,137,229,166,130,231,165,158,229,138,169,239,188,140,229,128,159,229,138,169,229,164,169,229,156,176,230,153,182,231,159,179,231,154,132,229,183,168,229,164,167,232,131,189,233,135,143,239,188,140,230,136,144,229,138,159,229,176,134],[229,141,135,231,186,167,230,136,144,228,186,134],[]]	[2,3]
170	10	world	[[35,70,69,69,56,52,69],[35,51,51,57,57,102,102],[]]	[[91,228,188,160,233,151,187,93,239,188,154],[229,188,128,229,144,175,56,48,231,186,167,229,184,174,228,188,154,66,79,83,83,229,166,150,231,165,158,194,183,233,149,156,229,131,143,233,129,151,231,149,153,231,154,132,229,174,157,231,155,146,239,188,140,232,142,183,229,190,151],[239,188,129]]	[2]
169	10	world	[[35,70,69,69,56,52,69],[35,51,51,57,57,102,102],[]]	[[91,228,188,160,233,151,187,93,239,188,154],[229,188,128,229,144,175,55,53,231,186,167,229,184,174,228,188,154,66,79,83,83,229,166,150,231,154,135,194,183,233,149,156,229,131,143,233,129,151,231,149,153,231,154,132,229,174,157,231,155,146,239,188,140,232,142,183,229,190,151],[239,188,129]]	[2]
168	10	world	[[35,70,69,69,56,52,69],[35,51,51,57,57,102,102],[]]	[[91,228,188,160,233,151,187,93,239,188,154],[229,188,128,229,144,175,55,48,231,186,167,229,184,174,228,188,154,66,79,83,83,229,164,169,229,166,150,194,183,233,149,156,229,131,143,233,129,151,231,149,153,231,154,132,229,174,157,231,155,146,239,188,140,232,142,183,229,190,151],[239,188,129]]	[2]
167	10	world	[[35,70,69,69,56,52,69],[35,51,51,57,57,102,102],[]]	[[91,228,188,160,233,151,187,93,239,188,154],[229,188,128,229,144,175,54,53,231,186,167,229,184,174,228,188,154,66,79,83,83,229,156,176,229,166,150,194,183,233,149,156,229,131,143,233,129,151,231,149,153,231,154,132,229,174,157,231,155,146,239,188,140,232,142,183,229,190,151],[239,188,129]]	[2]
166	10	world	[[35,70,69,69,56,52,69],[35,51,51,57,57,102,102],[]]	[[91,228,188,160,233,151,187,93,239,188,154],[229,188,128,229,144,175,54,48,231,186,167,229,184,174,228,188,154,66,79,83,83,232,161,128,229,166,150,194,183,233,149,156,229,131,143,233,129,151,231,149,153,231,154,132,229,174,157,231,155,146,239,188,140,232,142,183,229,190,151],[239,188,129]]	[2]
165	10	world	[[35,70,69,69,56,52,69],[35,51,51,57,57,102,102],[]]	[[91,228,188,160,233,151,187,93,239,188,154],[229,188,128,229,144,175,53,53,231,186,167,229,184,174,228,188,154,66,79,83,83,229,134,176,229,166,150,194,183,233,149,156,229,131,143,233,129,151,231,149,153,231,154,132,229,174,157,231,155,146,239,188,140,232,142,183,229,190,151],[239,188,129]]	[2]
164	10	world	[[35,70,69,69,56,52,69],[35,51,51,57,57,102,102],[]]	[[91,228,188,160,233,151,187,93,239,188,154],[229,188,128,229,144,175,53,48,231,186,167,229,184,174,228,188,154,66,79,83,83,230,156,168,229,166,150,194,183,233,149,156,229,131,143,233,129,151,231,149,153,231,154,132,229,174,157,231,155,146,239,188,140,232,142,183,229,190,151],[239,188,129]]	[2]
163	10	world	[[35,70,69,69,56,52,69],[35,51,51,57,57,102,102],[]]	[[91,228,188,160,233,151,187,93,239,188,154],[229,188,128,229,144,175,52,53,231,186,167,229,184,174,228,188,154,66,79,83,83,231,129,171,229,166,150,194,183,233,149,156,229,131,143,233,129,151,231,149,153,231,154,132,229,174,157,231,155,146,239,188,140,232,142,183,229,190,151],[239,188,129]]	[2]
162	10	world	[[35,70,69,69,56,52,69],[35,51,51,57,57,102,102],[]]	[[91,228,188,160,233,151,187,93,239,188,154],[229,188,128,229,144,175,52,48,231,186,167,229,184,174,228,188,154,66,79,83,83,230,176,180,229,166,150,194,183,233,149,156,229,131,143,233,129,151,231,149,153,231,154,132,229,174,157,231,155,146,239,188,140,232,142,183,229,190,151],[239,188,129]]	[2]
161	10	world	[[35,70,69,69,56,52,69],[35,51,51,57,57,102,102],[]]	[[91,228,188,160,233,151,187,93,239,188,154],[230,136,144,229,138,159,230,137,139,229,136,131,56,48,231,186,167,228,184,150,231,149,140,66,79,83,83,229,166,150,231,165,158,239,188,140,232,142,183,229,190,151],[239,188,140,230,176,148,229,144,158,229,177,177,230,178,179,239,188,129]]	[2]
160	10	world	[[35,70,69,69,56,52,69],[35,51,51,57,57,102,102],[]]	[[91,228,188,160,233,151,187,93,239,188,154],[230,136,144,229,138,159,230,137,139,229,136,131,55,53,231,186,167,228,184,150,231,149,140,66,79,83,83,229,166,150,231,154,135,239,188,140,232,142,183,229,190,151],[239,188,140,230,176,148,229,144,158,229,177,177,230,178,179,239,188,129]]	[2]
159	10	world	[[35,70,69,69,56,52,69],[35,51,51,57,57,102,102],[]]	[[91,228,188,160,233,151,187,93,239,188,154],[230,136,144,229,138,159,230,137,139,229,136,131,55,48,231,186,167,228,184,150,231,149,140,66,79,83,83,229,164,169,229,166,150,239,188,140,232,142,183,229,190,151],[239,188,140,230,176,148,229,144,158,229,177,177,230,178,179,239,188,129]]	[2]
158	10	world	[[35,70,69,69,56,52,69],[35,51,51,57,57,102,102],[]]	[[91,228,188,160,233,151,187,93,239,188,154],[230,136,144,229,138,159,230,137,139,229,136,131,54,53,231,186,167,228,184,150,231,149,140,66,79,83,83,229,156,176,229,166,150,239,188,140,232,142,183,229,190,151],[239,188,140,230,176,148,229,144,158,229,177,177,230,178,179,239,188,129]]	[2]
157	10	world	[[35,70,69,69,56,52,69],[35,51,51,57,57,102,102],[]]	[[91,228,188,160,233,151,187,93,239,188,154],[230,136,144,229,138,159,230,137,139,229,136,131,54,48,231,186,167,228,184,150,231,149,140,66,79,83,83,232,161,128,229,166,150,239,188,140,232,142,183,229,190,151],[239,188,140,230,176,148,229,144,158,229,177,177,230,178,179,239,188,129]]	[2]
156	10	world	[[35,70,69,69,56,52,69],[35,51,51,57,57,102,102],[]]	[[91,228,188,160,233,151,187,93,239,188,154],[230,136,144,229,138,159,230,137,139,229,136,131,53,53,231,186,167,228,184,150,231,149,140,66,79,83,83,229,134,176,229,166,150,239,188,140,232,142,183,229,190,151],[239,188,140,230,176,148,229,144,158,229,177,177,230,178,179,239,188,129]]	[2]
155	10	world	[[35,70,69,69,56,52,69],[35,51,51,57,57,102,102],[]]	[[91,228,188,160,233,151,187,93,239,188,154],[230,136,144,229,138,159,230,137,139,229,136,131,53,48,231,186,167,228,184,150,231,149,140,66,79,83,83,230,156,168,229,166,150,239,188,140,232,142,183,229,190,151],[239,188,140,230,176,148,229,144,158,229,177,177,230,178,179,239,188,129]]	[2]
154	10	world	[[35,70,69,69,56,52,69],[35,51,51,57,57,102,102],[]]	[[91,228,188,160,233,151,187,93,239,188,154],[230,136,144,229,138,159,230,137,139,229,136,131,52,53,231,186,167,228,184,150,231,149,140,66,79,83,83,231,129,171,229,166,150,239,188,140,232,142,183,229,190,151],[239,188,140,230,176,148,229,144,158,229,177,177,230,178,179,239,188,129]]	[2]
153	10	world	[[35,70,69,69,56,52,69],[35,51,51,57,57,102,102],[]]	[[91,228,188,160,233,151,187,93,239,188,154],[230,136,144,229,138,159,230,137,139,229,136,131,52,48,231,186,167,228,184,150,231,149,140,66,79,83,83,230,176,180,229,166,150,239,188,140,232,142,183,229,190,151],[239,188,140,230,176,148,229,144,158,229,177,177,230,178,179,239,188,129]]	[2]
152	10	world	[[35,70,69,69,56,52,69],[35,51,51,57,57,102,102],[35,51,51,57,57,102,102]]	[[91,228,188,160,233,151,187,93,239,188,154],[229,190,151,229,164,169,231,139,172,229,142,154,239,188,140,230,156,186,231,188,152,229,183,167,229,144,136,239,188,140,231,130,188,229,136,182,229,135,186,228,186,134],[239,188,140,231,174,128,231,155,180,230,152,175,233,156,184,230,176,148,229,164,150,233,156,178,239,188,140,228,184,190,228,184,150,230,151,160,229,143,140,239,188,129]]	[2]
151	10	world	[[35,70,69,69,56,52,69],[35,51,51,57,57,102,102],[35,51,51,57,57,102,102]]	[[91,228,188,160,233,151,187,93,239,188,154],[229,190,151,229,164,169,231,139,172,229,142,154,239,188,140,230,156,186,231,188,152,229,183,167,229,144,136,239,188,140,231,130,188,229,136,182,229,135,186,228,186,134],[239,188,140,231,174,128,231,155,180,230,152,175,231,165,158,232,163,133,229,156,168,230,137,139,239,188,140,228,189,160,230,151,160,230,136,145,230,156,137,239,188,129]]	[2]
104	10	world	[[35,70,69,69,56,52,69],[35,51,51,57,57,102,102],[]]	[[91,228,188,160,233,151,187,93,239,188,154],[231,187,143,232,191,135,228,184,141,230,135,136,229,138,170,229,138,155,239,188,140,233,155,134,233,189,144,228,186,134,56,231,167,141,230,156,136,233,165,188,239,188,140,229,156,168,232,138,130,230,151,165,228,189,191,232,128,133,229,164,132,230,141,162,229,190,151,228,186,134],[]]	[2]
102	10	world	[[35,70,69,69,56,52,69],[35,51,51,57,57,102,102],[]]	[[91,228,188,160,233,151,187,93,239,188,154],[229,156,168,230,163,139,233,173,130,229,137,175,230,156,172,228,184,173,239,188,140,228,184,128,228,184,190,231,129,173,227,128,144,229,184,133,227,128,145,239,188,140,232,142,183,229,190,151],[]]	[2]
101	10	instance	[[35,70,69,69,56,52,69],[35,51,51,57,57,102,102],[]]	[[91,228,188,160,233,151,187,93,239,188,154],[229,156,168,231,190,164,233,155,132,233,128,144,233,185,191,228,184,173,239,188,140,229,138,155,229,133,139,229,164,169,229,166,150,239,188,140,232,142,183,229,190,151],[]]	[2]
99	10	world	[[35,70,69,69,56,52,69],[35,51,51,57,57,102,102],[],[]]	[[91,228,188,160,233,151,187,93,239,188,154],[229,183,178,231,187,143,230,151,160,228,186,186,229,143,175,230,140,161,239,188,129,229,176,134],[230,136,144,229,138,159,229,135,187,230,157,128,239,188,140,229,185,182,232,142,183,229,190,151],[]]	[2,3]
98	10	world	[[35,70,69,69,56,52,69],[35,51,51,57,57,102,102],[35,51,51,57,57,102,102]]	[[91,228,188,160,233,151,187,93,239,188,154],[229,185,184,232,191,144,231,154,132,229,156,168,229,149,134,229,159,142,228,184,173,230,138,162,232,180,173,229,136,176,228,186,134],[239,188,140,228,184,137,229,176,190,233,153,141,228,184,150,228,184,135,229,166,150,230,139,156,230,156,141,230,129,173,232,191,142,230,150,176,229,176,138,227,128,130]]	[2]
97	10	world	[[35,70,69,69,56,52,69],[35,51,51,57,57,102,102],[35,51,51,57,57,102,102]]	[[91,228,188,160,233,151,187,93,239,188,154],[229,185,184,232,191,144,231,154,132,229,156,168,229,149,134,229,159,142,228,184,173,230,138,162,232,180,173,229,136,176,228,186,134],[239,188,140,229,135,164,229,135,176,233,153,141,228,184,180,228,187,142,230,173,164,228,184,150,233,151,180,229,134,141,230,183,187,228,184,128,228,189,141,229,164,169,231,165,158,227,128,130]]	[2]
95	10	world	[[35,70,69,69,56,52,69],[35,51,51,57,57,102,102],[35,51,51,57,57,102,102]]	[[91,230,136,152,230,138,165,93,239,188,154],[229,156,168,230,163,139,233,173,130,229,137,175,230,156,172,239,188,136,231,187,132,233,152,159,239,188,137,228,184,173,239,188,140,229,135,187,233,128,128,228,186,134,231,172,172,49,48,48,230,179,162,230,128,170,231,137,169,66,79,83,83],[239,188,140,229,174,158,228,185,131,233,156,184,230,176,148,230,151,160,229,143,140,239,188,140,228,186,186,228,184,173,233,190,153,229,135,164,239,188,129]]	[1,2]
94	10	world	[[35,70,69,69,56,52,69],[35,51,51,57,57,102,102],[35,51,51,57,57,102,102]]	[[91,230,136,152,230,138,165,93,239,188,154],[229,156,168,230,163,139,233,173,130,229,137,175,230,156,172,239,188,136,231,187,132,233,152,159,239,188,137,228,184,173,239,188,140,229,135,187,233,128,128,228,186,134,231,172,172,57,48,230,179,162,230,128,170,231,137,169,66,79,83,83],[239,188,140,229,174,158,228,185,131,233,156,184,230,176,148,230,151,160,229,143,140,239,188,140,228,186,186,228,184,173,233,190,153,229,135,164,239,188,129]]	[1,2]
93	10	world	[[35,70,69,69,56,52,69],[35,51,51,57,57,102,102],[35,51,51,57,57,102,102]]	[[91,230,136,152,230,138,165,93,239,188,154],[229,156,168,230,163,139,233,173,130,229,137,175,230,156,172,239,188,136,231,187,132,233,152,159,239,188,137,228,184,173,239,188,140,229,135,187,233,128,128,228,186,134,231,172,172,56,48,230,179,162,230,128,170,231,137,169,66,79,83,83],[239,188,140,229,174,158,228,185,131,233,156,184,230,176,148,230,151,160,229,143,140,239,188,140,228,186,186,228,184,173,233,190,153,229,135,164,239,188,129]]	[1,2]
92	10	world	[[35,70,69,69,56,52,69],[35,51,51,57,57,102,102],[35,51,51,57,57,102,102]]	[[91,230,136,152,230,138,165,93,239,188,154],[229,156,168,230,163,139,233,173,130,229,137,175,230,156,172,239,188,136,231,187,132,233,152,159,239,188,137,228,184,173,239,188,140,229,135,187,233,128,128,228,186,134,231,172,172,55,48,230,179,162,230,128,170,231,137,169,66,79,83,83],[239,188,140,229,174,158,228,185,131,233,156,184,230,176,148,230,151,160,229,143,140,239,188,140,228,186,186,228,184,173,233,190,153,229,135,164,239,188,129]]	[1,2]
91	10	world	[[35,70,69,69,56,52,69],[35,51,51,57,57,102,102],[35,51,51,57,57,102,102]]	[[91,230,136,152,230,138,165,93,239,188,154],[229,156,168,230,163,139,233,173,130,229,137,175,230,156,172,239,188,136,231,187,132,233,152,159,239,188,137,228,184,173,239,188,140,229,135,187,233,128,128,228,186,134,231,172,172,54,48,230,179,162,230,128,170,231,137,169,66,79,83,83],[239,188,140,229,174,158,228,185,131,233,156,184,230,176,148,230,151,160,229,143,140,239,188,140,228,186,186,228,184,173,233,190,153,229,135,164,239,188,129]]	[1,2]
90	10	world	[[35,70,69,69,56,52,69],[35,51,51,57,57,102,102],[35,51,51,57,57,102,102]]	[[91,230,136,152,230,138,165,93,239,188,154],[229,156,168,230,163,139,233,173,130,229,137,175,230,156,172,239,188,136,231,187,132,233,152,159,239,188,137,228,184,173,239,188,140,229,135,187,233,128,128,228,186,134,231,172,172,53,48,230,179,162,230,128,170,231,137,169,66,79,83,83],[239,188,140,229,174,158,228,185,131,233,156,184,230,176,148,230,151,160,229,143,140,239,188,140,228,186,186,228,184,173,233,190,153,229,135,164,239,188,129]]	[1,2]
89	10	world	[[35,70,69,69,56,52,69],[35,51,51,57,57,102,102],[35,51,51,57,57,102,102]]	[[91,230,136,152,230,138,165,93,239,188,154],[229,156,168,230,163,139,233,173,130,229,137,175,230,156,172,239,188,136,231,187,132,233,152,159,239,188,137,228,184,173,239,188,140,229,135,187,233,128,128,228,186,134,231,172,172,52,48,230,179,162,230,128,170,231,137,169,66,79,83,83],[239,188,140,229,174,158,228,185,131,233,156,184,230,176,148,230,151,160,229,143,140,239,188,140,228,186,186,228,184,173,233,190,153,229,135,164,239,188,129]]	[1,2]
88	10	world	[[35,70,69,69,56,52,69],[35,51,51,57,57,102,102],[35,51,51,57,57,102,102]]	[[91,230,136,152,230,138,165,93,239,188,154],[229,156,168,230,163,139,233,173,130,229,137,175,230,156,172,239,188,136,231,187,132,233,152,159,239,188,137,228,184,173,239,188,140,229,135,187,233,128,128,228,186,134,231,172,172,51,48,230,179,162,230,128,170,231,137,169,66,79,83,83],[239,188,140,229,174,158,228,185,131,233,156,184,230,176,148,230,151,160,229,143,140,239,188,140,228,186,186,228,184,173,233,190,153,229,135,164,239,188,129]]	[1,2]
87	10	world	[[35,70,69,69,56,52,69],[35,51,51,57,57,102,102],[35,51,51,57,57,102,102]]	[[91,230,136,152,230,138,165,93,239,188,154],[229,156,168,230,163,139,233,173,130,229,137,175,230,156,172,239,188,136,229,141,149,228,186,186,239,188,137,228,184,173,239,188,140,229,135,187,233,128,128,228,186,134,231,172,172,49,48,48,230,179,162,230,128,170,231,137,169,66,79,83,83],[239,188,140,229,174,158,228,185,131,233,156,184,230,176,148,230,151,160,229,143,140,239,188,140,228,186,186,228,184,173,233,190,153,229,135,164,239,188,129]]	[1,2]
86	10	world	[[35,70,69,69,56,52,69],[35,51,51,57,57,102,102],[35,51,51,57,57,102,102]]	[[91,230,136,152,230,138,165,93,239,188,154],[229,156,168,230,163,139,233,173,130,229,137,175,230,156,172,239,188,136,229,141,149,228,186,186,239,188,137,228,184,173,239,188,140,229,135,187,233,128,128,228,186,134,231,172,172,57,48,230,179,162,230,128,170,231,137,169,66,79,83,83],[239,188,140,229,174,158,228,185,131,233,156,184,230,176,148,230,151,160,229,143,140,239,188,140,228,186,186,228,184,173,233,190,153,229,135,164,239,188,129]]	[1,2]
85	10	world	[[35,70,69,69,56,52,69],[35,51,51,57,57,102,102],[35,51,51,57,57,102,102]]	[[91,230,136,152,230,138,165,93,239,188,154],[229,156,168,230,163,139,233,173,130,229,137,175,230,156,172,239,188,136,229,141,149,228,186,186,239,188,137,228,184,173,239,188,140,229,135,187,233,128,128,228,186,134,231,172,172,56,48,230,179,162,230,128,170,231,137,169,66,79,83,83],[239,188,140,229,174,158,228,185,131,233,156,184,230,176,148,230,151,160,229,143,140,239,188,140,228,186,186,228,184,173,233,190,153,229,135,164,239,188,129]]	[1,2]
84	10	world	[[35,70,69,69,56,52,69],[35,51,51,57,57,102,102],[35,51,51,57,57,102,102]]	[[91,230,136,152,230,138,165,93,239,188,154],[229,156,168,230,163,139,233,173,130,229,137,175,230,156,172,239,188,136,229,141,149,228,186,186,239,188,137,228,184,173,239,188,140,229,135,187,233,128,128,228,186,134,231,172,172,55,48,230,179,162,230,128,170,231,137,169,66,79,83,83],[239,188,140,229,174,158,228,185,131,233,156,184,230,176,148,230,151,160,229,143,140,239,188,140,228,186,186,228,184,173,233,190,153,229,135,164,239,188,129]]	[1,2]
83	10	world	[[35,70,69,69,56,52,69],[35,51,51,57,57,102,102],[35,51,51,57,57,102,102]]	[[91,230,136,152,230,138,165,93,239,188,154],[229,156,168,230,163,139,233,173,130,229,137,175,230,156,172,239,188,136,229,141,149,228,186,186,239,188,137,228,184,173,239,188,140,229,135,187,233,128,128,228,186,134,231,172,172,54,48,230,179,162,230,128,170,231,137,169,66,79,83,83],[239,188,140,229,174,158,228,185,131,233,156,184,230,176,148,230,151,160,229,143,140,239,188,140,228,186,186,228,184,173,233,190,153,229,135,164,239,188,129]]	[1,2]
82	10	world	[[35,70,69,69,56,52,69],[35,51,51,57,57,102,102],[35,51,51,57,57,102,102]]	[[91,230,136,152,230,138,165,93,239,188,154],[229,156,168,230,163,139,233,173,130,229,137,175,230,156,172,239,188,136,229,141,149,228,186,186,239,188,137,228,184,173,239,188,140,229,135,187,233,128,128,228,186,134,231,172,172,53,48,230,179,162,230,128,170,231,137,169,66,79,83,83],[239,188,140,229,174,158,228,185,131,233,156,184,230,176,148,230,151,160,229,143,140,239,188,140,228,186,186,228,184,173,233,190,153,229,135,164,239,188,129]]	[1,2]
81	10	world	[[35,70,69,69,56,52,69],[35,51,51,57,57,102,102],[35,51,51,57,57,102,102]]	[[91,230,136,152,230,138,165,93,239,188,154],[229,156,168,230,163,139,233,173,130,229,137,175,230,156,172,239,188,136,229,141,149,228,186,186,239,188,137,228,184,173,239,188,140,229,135,187,233,128,128,228,186,134,231,172,172,52,48,230,179,162,230,128,170,231,137,169,66,79,83,83],[239,188,140,229,174,158,228,185,131,233,156,184,230,176,148,230,151,160,229,143,140,239,188,140,228,186,186,228,184,173,233,190,153,229,135,164,239,188,129]]	[1,2]
80	10	world	[[35,70,69,69,56,52,69],[35,51,51,57,57,102,102],[35,51,51,57,57,102,102]]	[[91,230,136,152,230,138,165,93,239,188,154],[229,156,168,230,163,139,233,173,130,229,137,175,230,156,172,239,188,136,229,141,149,228,186,186,239,188,137,228,184,173,239,188,140,229,135,187,233,128,128,228,186,134,231,172,172,51,48,230,179,162,230,128,170,231,137,169,66,79,83,83],[239,188,140,229,174,158,228,185,131,233,156,184,230,176,148,230,151,160,229,143,140,239,188,140,228,186,186,228,184,173,233,190,153,229,135,164,239,188,129]]	[1,2]
79	10	world	[[35,70,69,69,56,52,69],[],[35,51,51,57,57,102,102],[35,51,51,57,57,102,102]]	[[91,229,133,172,229,145,138,93,239,188,154],[229,183,178,229,156,168,229,149,134,229,159,142,228,188,152,230,131,160,228,184,147,229,140,186,228,184,173,228,184,138,230,158,182,239,188,140,228,187,183,230,160,188],[229,133,131,229,174,157,239,188,140,233,153,144,232,180,173],[228,184,170,239,188,140,229,164,167,229,174,182,229,191,171,229,142,187,230,138,162,232,180,173,239,188,129]]	[1]
78	10	allserver	[[35,70,69,69,56,52,69],[35,101,50,48,101,49,56],[35,51,51,57,57,102,102],[35,101,50,48,101,49,56]]	[[91,230,136,152,230,138,165,93,239,188,154],[231,154,132],[230,137,128,229,144,145,230,138,171,233,157,161,239,188,140,229,176,134],[229,141,142,228,184,189,229,135,187,230,157,128,239,188,140,229,174,158,228,185,131,228,184,128,232,186,171,230,152,175,232,131,134,228,184,190,228,184,150,230,151,160,229,143,140,239,188,129]]	[]
77	10	allserver	[[35,70,69,69,56,52,69],[35,101,50,48,101,49,56],[35,48,101,102,53,98,99],[35,48,48,70,70,48,48]]	[[91,228,188,160,233,151,187,93,239,188,154],[229,156,168],[231,154,132],[231,186,191,229,136,183,230,150,176,228,186,134,239,188,140,232,186,171,228,184,138,230,144,186,230,156,137,231,187,143,233,170,140,229,143,138,229,174,157,231,137,169,239,188,140,232,175,183,228,188,151,229,139,135,229,163,171,229,137,141,229,190,128,229,190,129,232,174,168,239,188,129]]	[]
76	9	world	[[35,70,69,69,56,52,69],[35,51,51,57,57,102,102],[35,51,51,57,57,102,102],[35,101,50,48,101,49,56],[]]	[[91,228,188,160,233,151,187,93,239,188,154],[229,139,135,233,151,175],[229,135,187,230,157,128],[239,188,140,232,142,183,229,190,151],[]]	[1,2,3]
75	10	world	[[35,70,69,69,56,52,69],[35,51,51,57,57,102,102],[]]	[[91,228,188,160,233,151,187,93,239,188,154],[229,166,130,230,156,137,231,165,158,229,138,169,239,188,140,229,133,182],[233,135,141,233,147,184,229,135,186,228,186,134,230,131,138,228,184,150,233,170,135,228,191,151,231,154,132,233,135,145,232,137,178,229,177,158,230,128,167,239,188,129]]	[2]
74	10	world	[[35,70,69,69,56,52,69],[35,51,51,57,57,102,102],[]]	[[91,228,188,160,233,151,187,93,239,188,154],[229,166,130,230,156,137,231,165,158,229,138,169,239,188,140,229,133,182],[233,153,132,233,173,148,229,135,186,228,186,134,228,184,137,230,157,161,229,177,158,230,128,167,239,188,129]]	[2]
73	10	world	[[35,70,69,69,56,52,69],[35,51,51,57,57,102,102]]	[[91,86,73,80,93,239,188,154,231,165,158,230,129,169,228,190,141,232,128,133,239,188,154,228,188,186,229,128,153,231,165,158,230,129,169,231,154,132,228,190,141,232,128,133,239,188,140,230,129,173,229,150,156],[232,142,183,229,190,151,86,73,80,229,145,168,229,141,161,230,157,131,233,153,144,239,188,140,230,136,144,228,184,186,229,145,168,229,141,161,86,73,80,227,128,130]]	[]
72	10	world	[[35,70,69,69,56,52,69],[35,51,51,57,57,102,102]]	[[91,86,73,80,93,239,188,154,229,156,168,231,165,158,229,133,137,231,154,132,229,186,135,230,138,164,228,184,139,239,188,140,230,140,129,230,156,137,232,128,133,229,143,175,230,139,165,230,156,137,228,184,128,228,186,155,228,184,141,229,143,175,230,128,157,232,174,174,231,154,132,230,157,131,233,153,144,239,188,140,230,129,173,229,150,156],[230,136,144,229,138,159,231,187,173,232,180,185,86,73,80,228,188,154,229,145,152,49,228,184,170,230,152,159,230,156,159,227,128,130]]	[]
65	9	world	[[35,70,69,69,56,52,69],[35,51,51,57,57,102,102],[]]	[[91,230,136,152,230,138,165,93,239,188,154,230,188,171,229,164,169,233,190,153,232,161,128,239,188,140,231,187,157,230,156,155,233,190,153,229,149,184,239,188,129,239,188,140],[231,171,159,231,148,159,230,146,149],[239,188,140,229,133,182,229,135,182,229,168,129,233,156,135,229,143,164,231,131,129,228,187,138,230,151,160,228,186,186,232,131,189,230,149,140,239,188,129]]	[2]
57	10	world	[[35,70,69,69,56,52,69]]	[[91,229,133,172,229,145,138,93,239,188,154,230,153,186,229,138,155,233,151,174,231,173,148,230,180,187,229,138,168,229,176,134,228,186,142,49,54,239,188,154,49,48,230,173,163,229,188,143,229,188,128,229,167,139,239,188,140,230,172,162,232,191,142,229,164,167,229,174,182,231,130,185,229,135,187,229,177,143,229,185,149,229,143,179,228,184,138,232,167,146,231,154,132,229,141,183,232,189,180,229,155,190,230,160,135,229,188,128,229,167,139,230,138,165,229,144,141,239,188,129]]	[]
56	10	world	[[35,70,69,69,56,52,69],[35,51,51,57,57,102,102],[35,51,51,57,57,102,102],[35,51,51,57,57,102,102]]	[[91,228,188,160,233,151,187,93,239,188,154,228,185,157,229,183,158,230,166,156,230,152,173,229,145,138,229,164,169,228,184,139,239,188,154],[239,188,140],[239,188,140],[232,142,183,229,190,151,228,184,137,229,164,167,230,137,141,229,173,144,230,174,138,232,141,163,239,188,140,231,137,185,230,173,164,233,135,145,231,172,148,230,143,144,229,144,141,239,188,129]]	[]
37	10	world	[[35,70,69,69,56,52,69],[35,51,51,57,57,102,102],[35,51,51,57,57,102,102],[35,101,50,48,101,49,56]]	[[91,228,188,160,233,151,187,93,239,188,154],[229,185,184,232,191,144,231,154,132,229,156,168,229,149,134,229,159,142,228,184,173,230,138,162,232,180,173,229,136,176,228,186,134,233,153,144,233,135,143,231,137,136],[229,149,134,229,159,142,231,155,174,229,137,141,228,187,133,229,137,169],[229,143,170,227,128,130]]	[2]
36	10	world	[[35,70,69,69,56,52,69],[35,51,51,57,57,102,102],[]]	[[91,233,166,150,229,133,133,93,239,188,154],[233,166,150,229,186,166,229,133,133,229,128,188,239,188,140,231,137,185,229,136,171,229,165,150,229,138,177,228,187,183,229,128,188,56,56,56,229,133,131,229,174,157,231,154,132],[228,184,128,228,184,170,33]]	[2]
35	8	instance	[[35,70,69,69,56,52,69],[35,51,51,57,57,102,102]]	[[91,230,136,152,230,138,165,93,239,188,154],[233,135,135,233,155,134,231,154,132,232,181,132,230,186,144,230,149,176,233,135,143,229,183,178,232,190,190,229,136,176,49,56,48,48,239,188,140,231,166,187,232,181,162,229,190,151,232,131,156,229,136,169,229,143,170,230,156,137,228,184,128,230,173,165,228,185,139,233,129,165,239,188,129]]	[1]
34	8	instance	[[35,70,69,69,56,52,69],[35,51,51,57,57,102,102]]	[[91,230,136,152,230,138,165,93,239,188,154],[233,135,135,233,155,134,231,154,132,232,181,132,230,186,144,230,149,176,233,135,143,229,183,178,232,190,190,229,136,176,49,53,48,48,239,188,140,232,131,156,229,136,169,229,156,168,230,156,155,239,188,129]]	[1]
33	8	instance	[[35,70,69,69,56,52,69],[35,51,51,57,57,102,102]]	[[91,230,136,152,230,138,165,93,239,188,154],[233,135,135,233,155,134,231,154,132,232,181,132,230,186,144,230,149,176,233,135,143,229,183,178,232,190,190,229,136,176,49,48,48,48,239,188,140,229,138,191,229,166,130,231,160,180,231,171,185,239,188,129]]	[1]
32	8	instance	[[35,70,69,69,56,52,69],[35,51,51,57,57,102,102],[102,99,97,53,48,102]]	[[91,230,136,152,230,138,165,93,239,188,154],[229,174,140,229,133,168,229,141,160,233,162,134,228,186,134],[]]	[1]
31	8	instance	[[35,70,69,69,56,52,69],[35,51,51,57,57,102,102],[35,51,51,57,57,102,102],[35,102,99,97,53,48,102]]	[[91,230,136,152,230,138,165,93,239,188,154],[230,153,186,232,176,139,232,191,135,228,186,186,239,188,140,228,184,186],[229,164,186,229,190,151,228,186,134],[231,154,132,230,142,167,229,136,182,230,157,131,239,188,129]]	[1,2]
30	8	instance	[[35,70,69,69,56,52,69],[35,51,51,57,57,102,102],[35,51,51,57,57,102,102]]	[[91,230,136,152,230,138,165,93,239,188,154],[229,139,135,229,134,160,228,184,137,229,134,155,239,188,140,229,176,134],[230,150,169,232,144,189,228,186,142,233,169,172,228,184,139,239,188,129]]	[1,2]
29	9	world	[[35,70,69,69,56,52,69],[35,51,51,57,57,102,102],[]]	[[91,228,188,160,233,151,187,93,239,188,154],[229,139,135,233,151,175,229,164,154,233,154,134,231,142,139,229,186,167,239,188,136,54,52,231,186,167,229,137,175,230,156,172,239,188,137,239,188,140,232,142,183,229,190,151],[]]	[2]
28	9	world	[[35,70,69,69,56,52,69],[35,51,51,57,57,102,102],[]]	[[91,228,188,160,233,151,187,93,239,188,154],[229,139,135,233,151,175,230,152,159,233,153,168,233,152,129,239,188,136,55,53,231,186,167,229,137,175,230,156,172,239,188,137,239,188,140,232,142,183,229,190,151],[]]	[2]
27	9	world	[[35,70,69,69,56,52,69],[35,51,51,57,57,102,102],[]]	[[91,228,188,160,233,151,187,93,239,188,154],[229,139,135,233,151,175,229,176,129,231,165,158,230,174,191,239,188,136,53,53,231,186,167,229,137,175,230,156,172,239,188,137,239,188,140,232,142,183,229,190,151],[]]	[2]
26	9	world	[[35,70,69,69,56,52,69],[35,51,51,57,57,102,102],[]]	[[91,228,188,160,233,151,187,93,239,188,154],[229,139,135,233,151,175,229,156,163,233,173,148,229,174,171,239,188,136,52,48,231,186,167,229,137,175,230,156,172,239,188,137,239,188,140,232,142,183,229,190,151],[]]	[2]
25	9	world	[[35,70,69,69,56,52,69],[35,51,51,57,57,102,102],[]]	[[91,228,188,160,233,151,187,93,239,188,154],[229,139,135,233,151,175,233,148,129,228,187,153,229,186,156,239,188,136,51,48,231,186,167,229,137,175,230,156,172,239,188,137,239,188,140,232,142,183,229,190,151],[]]	[2]
24	10	world	[[35,70,69,69,56,52,69],[35,51,51,57,57,102,102],[]]	[[91,231,165,157,232,180,186,93,239,188,154,230,129,173,229,150,156],[233,128,154,232,191,135,229,175,187,229,174,157,232,142,183,229,190,151],[239,188,140,230,158,156,231,132,182,230,152,175,228,186,186,229,147,129,229,164,167,231,136,134,229,143,145,239,188,129]]	[2]
23	9	world	[[35,70,69,69,56,52,69],[35,70,69,69,56,52,69],[35,51,51,57,57,102,102]]	[[91,229,133,172,229,145,138,93,239,188,154],[230,156,141,229,138,161,229,153,168,229,176,134,229,156,168],[229,144,142,232,191,155,232,161,140,231,187,180,230,138,164,239,188,140,232,175,183,229,176,189,229,191,171,228,184,139,231,186,191,239,188,140,228,187,165,229,133,141,233,128,160,230,136,144,228,184,141,229,191,133,232,166,129,231,154,132,230,141,159,229,164,177,239,188,129]]	[]
22	10	world	[[35,70,69,69,56,52,69],[35,51,51,57,57,102,102]]	[[91,86,73,80,93,239,188,154,231,165,158,232,163,129,230,173,166,229,163,171,239,188,154,231,165,158,229,191,160,229,174,158,231,154,132,229,174,136,230,138,164,232,128,133,239,188,140,231,165,158,232,181,144,229,141,171,229,163,171,231,154,132,231,187,159,229,184,133,239,188,140,230,129,173,229,150,156],[232,142,183,229,190,151,86,73,80,232,135,179,229,176,138,229,141,161,230,157,131,233,153,144,239,188,140,230,136,144,228,184,186,232,135,179,229,176,138,86,73,80,227,128,130]]	[]
21	10	world	[[35,70,69,69,56,52,69],[35,51,51,57,57,102,102]]	[[91,86,73,80,93,239,188,154,231,165,158,232,181,144,229,141,171,229,163,171,239,188,154,232,162,171,231,165,158,230,137,128,232,130,175,229,174,154,239,188,140,230,139,165,230,156,137,230,138,164,229,141,171,231,165,158,229,133,137,231,154,132,232,129,140,232,180,163,239,188,140,230,129,173,229,150,156],[232,142,183,229,190,151,86,73,80,229,173,163,229,141,161,230,157,131,233,153,144,239,188,140,230,136,144,228,184,186,229,173,163,229,141,161,86,73,80,227,128,130]]	[]
20	10	world	[[35,70,69,69,56,52,69],[35,51,51,57,57,102,102]]	[[91,86,73,80,93,239,188,154,231,165,158,230,129,169,228,189,191,229,190,146,239,188,154,230,178,144,230,181,180,231,165,158,230,129,169,231,154,132,228,191,161,229,190,146,239,188,140,230,129,173,229,150,156],[232,142,183,229,190,151,86,73,80,230,156,136,229,141,161,230,157,131,233,153,144,239,188,140,230,136,144,228,184,186,230,156,136,229,141,161,86,73,80,227,128,130]]	[]
19	10	world	[[35,70,69,69,56,52,69],[35,51,51,57,57,102,102]]	[[91,86,73,80,93,239,188,154,229,156,168,231,165,158,229,133,137,231,154,132,229,186,135,230,138,164,228,184,139,239,188,140,230,140,129,230,156,137,232,128,133,229,143,175,230,139,165,230,156,137,228,184,128,228,186,155,228,184,141,229,143,175,230,128,157,232,174,174,231,154,132,230,157,131,233,153,144,239,188,140,230,129,173,229,150,156],[230,136,144,229,138,159,231,187,173,232,180,185,86,73,80,228,188,154,229,145,152,54,228,184,170,230,156,136,227,128,130]]	[]
18	10	world	[[35,70,69,69,56,52,69],[35,51,51,57,57,102,102]]	[[91,86,73,80,93,239,188,154,229,156,168,231,165,158,229,133,137,231,154,132,229,186,135,230,138,164,228,184,139,239,188,140,230,140,129,230,156,137,232,128,133,229,143,175,230,139,165,230,156,137,228,184,128,228,186,155,228,184,141,229,143,175,230,128,157,232,174,174,231,154,132,230,157,131,233,153,144,239,188,140,230,129,173,229,150,156],[230,136,144,229,138,159,231,187,173,232,180,185,86,73,80,228,188,154,229,145,152,51,228,184,170,230,156,136,227,128,130]]	[]
17	10	world	[[35,70,69,69,56,52,69],[35,51,51,57,57,102,102]]	[[91,86,73,80,93,239,188,154,229,156,168,231,165,158,229,133,137,231,154,132,229,186,135,230,138,164,228,184,139,239,188,140,230,140,129,230,156,137,232,128,133,229,143,175,230,139,165,230,156,137,228,184,128,228,186,155,228,184,141,229,143,175,230,128,157,232,174,174,231,154,132,230,157,131,233,153,144,239,188,140,230,129,173,229,150,156],[230,136,144,229,138,159,231,187,173,232,180,185,86,73,80,228,188,154,229,145,152,49,228,184,170,230,156,136,227,128,130]]	[]
16	9	world	[[35,70,69,69,56,52,69],[35,51,51,57,57,102,102],[35,101,50,48,101,49,56]]	[[91,228,188,160,233,151,187,93,239,188,154],[],[239,188,140,231,156,159,228,185,131,232,131,184,231,186,179,229,164,169,229,156,176,229,173,152,230,136,152,233,173,130,239,188,140,229,180,169,231,162,142,229,175,176,229,174,135,230,149,162,229,177,160,231,165,158,239,188,129]]	[]
9	10	world	[[35,70,69,69,56,52,69],[35,51,51,57,57,102,102],[35,48,48,70,70,48,48],[35,48,48,70,70,48,48]]	[[91,230,136,152,230,138,165,93,239,188,154],[229,139,135,231,140,155,230,151,160,230,149,140,239,188,140,228,184,128,232,183,175,232,191,135,229,133,179,230,150,169,230,128,170,239,188,140,229,141,131,233,146,167,228,184,128,229,143,145,228,185,139,233,153,133,229,143,150,229,190,151,228,186,134],[229,136,176],[229,177,130,229,177,130,228,184,187]]	[]
8	8	instance	[[35,70,69,69,56,52,69],[35,51,51,57,57,102,102]]	[[91,230,136,152,230,138,165,93,239,188,154],[229,135,182,229,168,129,233,156,135,229,164,169,239,188,140,232,132,154,228,184,139,231,153,189,233,170,168,231,180,175,231,180,175,227,128,130,232,183,131,232,191,155,230,136,152,229,156,186,229,137,141,53,229,144,141]]	[]
7	9	instance	[[35,70,69,69,56,52,69],[35,51,51,57,57,102,102],[35,101,50,48,101,49,56]]	[[91,230,136,152,230,138,165,93,239,188,154],[229,143,145,229,135,186,230,131,138,228,184,150,228,184,128,229,135,187,239,188,140,229,176,134],[230,137,147,229,190,151,233,173,130,233,163,158,233,173,132,230,149,163]]	[]
6	8	instance	[[35,70,69,69,56,52,69],[35,51,51,57,57,102,102],[35,51,51,57,57,102,102],[35,48,48,70,70,48,48]]	[[91,230,136,152,230,138,165,93,239,188,154],[229,139,135,229,134,160,229,164,169,228,184,139,239,188,140,228,184,141,231,149,143,229,188,186,230,149,140,239,188,140,229,176,134,230,178,153,229,156,186,229,144,141,229,176,134],[230,150,169,228,186,142,233,169,172,228,184,139,239,188,140,232,142,183,229,190,151],[231,130,185,231,167,175,229,136,134]]	[]
5	9	world	[[35,70,69,69,56,52,69],[35,51,51,57,57,102,102],[35,101,50,48,101,49,56]]	[[91,230,136,152,230,138,165,93,239,188,154],[230,137,128,229,144,145,230,138,171,233,157,161,239,188,140,229,176,134],[229,141,142,228,184,189,229,135,187,230,157,128,239,188,140,229,174,158,228,185,131,228,184,128,232,186,171,230,152,175,232,131,134,228,184,190,228,184,150,230,151,160,229,143,140,239,188,129]]	[]
4	9	world	[[35,70,69,69,56,52,69],[35,101,50,48,101,49,56],[35,48,101,102,53,98,99],[35,48,48,70,70,48,48]]	[[91,228,188,160,233,151,187,93,239,188,154],[229,156,168],[231,154,132],[231,186,191,229,136,183,230,150,176,228,186,134,239,188,140,232,186,171,228,184,138,230,144,186,230,156,137,231,187,143,233,170,140,229,143,138,229,174,157,231,137,169,239,188,140,232,175,183,228,188,151,229,139,135,229,163,171,229,137,141,229,190,128,229,190,129,232,174,168,239,188,129]]	[]
3	8	world	[[35,70,69,69,56,52,69],[35,51,51,57,57,102,102],[]]	[[91,228,188,160,233,151,187,93,239,188,154],[229,144,136,230,136,144,228,186,134],[]]	[2]
2	9	world	[[35,70,69,69,56,52,69],[35,51,51,57,57,102,102],[],[35,48,48,70,70,48,48]]	[[91,228,188,160,233,151,187,93,239,188,154],[231,187,143,232,191,135,228,184,128,231,149,170,228,184,141,230,135,136,229,138,170,229,138,155,239,188,140,231,187,136,228,186,142,229,185,184,232,191,144,231,154,132,229,176,134],[229,141,135,229,136,176,228,186,134],[230,152,159]]	[2]
1	8	world	[[35,70,69,69,56,52,69],[35,51,51,57,57,102,102],[35,51,51,57,57,102,102]]	[[91,228,188,160,233,151,187,93,239,188,154],[229,176,134],[230,150,169,228,186,142,233,169,172,228,184,139,239,188,140,230,156,155,229,164,169,233,149,191,229,143,185,239,188,154,226,128,156,230,153,174,229,164,169,228,185,139,228,184,139,44,232,176,129,230,149,162,228,184,142,229,144,190,228,184,128,230,136,152,239,188,129,226,128,157]]	[]
